# time       x(t)         y(t)         vx(t)        vy(t)        ekin         epot        
0.000000     1.000000     0.000000     0.000000     1.000000     -10.000000   0.500000    
0.010000     0.999500     0.009998     -0.100028    0.999500     -10.004503   0.504503    
0.020000     0.997999     0.019987     -0.200227    0.997995     -10.018043   0.518043    
0.030000     0.995494     0.029955     -0.300768    0.995476     -10.040717   0.540717    
0.040000     0.991982     0.039893     -0.401827    0.991923     -10.072689   0.572689    
0.050000     0.987455     0.049790     -0.503584    0.987312     -10.114191   0.614191    
0.060000     0.981907     0.059635     -0.606225    0.981608     -10.165531   0.665531    
0.070000     0.975327     0.069418     -0.709946    0.974767     -10.227097   0.727097    
0.080000     0.967704     0.079127     -0.814955    0.966737     -10.299366   0.799366    
0.090000     0.959023     0.088749     -0.921470    0.957454     -10.382913   0.882913    
0.100000     0.949269     0.098271     -1.029729    0.946842     -10.478425   0.978425    
0.110000     0.938422     0.107681     -1.139987    0.934809     -10.586719   1.086719    
0.120000     0.926461     0.116962     -1.252522    0.921249     -10.708756   1.208756    
0.130000     0.913363     0.126100     -1.367643    0.906036     -10.845674   1.345674    
0.140000     0.899099     0.135077     -1.485689    0.889021     -10.998814   1.498814    
0.150000     0.883638     0.143874     -1.607040    0.870027     -11.169761   1.669761    
0.160000     0.866946     0.152470     -1.732124    0.848845     -11.360396   1.860396    
0.170000     0.848982     0.160843     -1.861428    0.825227     -11.572957   2.072957    
0.180000     0.829701     0.168966     -1.995508    0.798875     -11.810126   2.310126    
0.190000     0.809053     0.176810     -2.135006    0.769429     -12.075136   2.575136    
0.200000     0.786980     0.184343     -2.280672    0.736454     -12.371914   2.871914    
0.210000     0.763416     0.191526     -2.433386    0.699414     -12.705273   3.205273    
0.220000     0.738286     0.198315     -2.594196    0.657647     -13.081177   3.581177    
0.230000     0.711501     0.204660     -2.764365    0.610322     -13.507103   4.007103    
0.240000     0.682962     0.210500     -2.945427    0.556383     -13.992551   4.492551    
0.250000     0.652550     0.215761     -3.139280    0.494468     -14.549789   5.049789    
0.260000     0.620126     0.220357     -3.348306    0.422784     -15.194948   5.694948    
0.270000     0.585523     0.224176     -3.575546    0.338922     -15.949698   6.449698    
0.280000     0.548541     0.227083     -3.824968    0.239568     -16.843886   7.343886    
0.290000     0.508933     0.228901     -4.101872    0.120013     -17.919880   8.419880    
0.300000     0.466388     0.229394     -4.413543    -0.026671    -19.240037   9.740037    
0.310000     0.420512     0.228242     -4.770338    -0.211150    -20.900354   11.400354   
0.320000     0.370781     0.224988     -5.187610    -0.450807    -23.057262   13.557262   
0.330000     0.316480     0.218943     -5.689316    -0.776152    -25.985364   16.485364   
0.340000     0.256584     0.208989     -6.315291    -1.246478    -30.218301   20.718301   
0.350000     0.189529     0.193107     -7.136871    -1.995354    -36.958183   27.458183   
0.360000     0.112760     0.166976     -8.287313    -3.403533    -49.631798   40.131800   
0.370000     0.022269     0.117959     -9.826417    -7.144881    -83.303853   73.803895   
0.380000     -0.051831    -0.012626    2.368552     -18.715982   -187.451282  177.949016  
0.390000     0.035297     -0.126913    9.636721     -6.319288    -75.912774   66.399894   
0.400000     0.123746     -0.171289    8.108305     -3.142643    -47.323314   37.810408   
0.410000     0.199017     -0.195591    7.011736     -1.866489    -35.837022   26.324114   
0.420000     0.264992     -0.210471    6.221765     -1.168061    -29.550268   20.037360   
0.430000     0.324058     -0.219777    5.615210     -0.722472    -25.539184   16.026275   
0.440000     0.377686     -0.225361    5.126314     -0.411195    -22.736996   13.224088   
0.450000     0.426851     -0.228266    4.717989     -0.180361    -20.658884   11.145976   
0.460000     0.472238     -0.229142    4.367725     -0.001815    -19.051420   9.538512    
0.470000     0.514350     -0.228422    4.060986     0.140665     -17.768605   8.255697    
0.480000     0.553570     -0.226415    3.787907     0.257118     -16.720084   7.207176    
0.490000     0.590197     -0.223345    3.541517     0.354106     -15.846774   6.333866    
0.500000     0.624472     -0.219383    3.316720     0.436113     -15.108323   5.595415    
0.510000     0.656591     -0.214662    3.109692     0.506312     -14.476176   4.963268    
0.520000     0.686715     -0.209288    2.917489     0.567012     -13.929530   4.416622    
0.530000     0.714982     -0.203347    2.737802     0.619941     -13.452851   3.939943    
0.540000     0.741507     -0.196911    2.568787     0.666413     -13.034295   3.521387    
0.550000     0.766389     -0.190037    2.408949     0.707450     -12.664668   3.151760    
0.560000     0.789712     -0.182777    2.257057     0.743857     -12.336722   2.823814    
0.570000     0.811553     -0.175173    2.112087     0.776278     -12.044666   2.531758    
0.580000     0.831974     -0.167263    1.973176     0.805231     -11.783819   2.270911    
0.590000     0.851034     -0.159079    1.839592     0.831143     -11.550357   2.037449    
0.600000     0.868782     -0.150649    1.710702     0.854364     -11.341128   1.828220    
0.610000     0.885262     -0.141999    1.585962     0.875182     -11.153518   1.640609    
0.620000     0.900513     -0.133153    1.464892     0.893843     -10.985339   1.472431    
0.630000     0.914570     -0.124129    1.347070     0.910548     -10.834756   1.321848    
0.640000     0.927464     -0.114948    1.232123     0.925471     -10.700220   1.187312    
0.650000     0.939221     -0.105625    1.119713     0.938758     -10.580420   1.067512    
0.660000     0.949866     -0.096177    1.009538     0.950530     -10.474246   0.961338    
0.670000     0.959419     -0.086619    0.901322     0.960894     -10.380757   0.867849    
0.680000     0.967898     -0.076964    0.794810     0.969936     -10.299158   0.786250    
0.690000     0.975320     -0.067225    0.689769     0.977732     -10.228779   0.715871    
0.700000     0.981698     -0.057413    0.585979     0.984344     -10.169060   0.656152    
0.710000     0.987043     -0.047542    0.483235     0.989823     -10.119541   0.606633    
0.720000     0.991365     -0.037620    0.381342     0.994210     -10.079846   0.566938    
0.730000     0.994672     -0.027661    0.280114     0.997538     -10.049681   0.536773    
0.740000     0.996969     -0.017673    0.179369     0.999832     -10.028826   0.515918    
0.750000     0.998260     -0.007668    0.078933     1.001108     -10.017132   0.504223    
0.760000     0.998548     0.002346     -0.021368    1.001375     -10.014512   0.501604    
0.770000     0.997833     0.012357     -0.121705    1.000636     -10.020950   0.508042    
0.780000     0.996113     0.022355     -0.222249    0.998885     -10.036491   0.523583    
0.790000     0.993387     0.032331     -0.323175    0.996110     -10.061247   0.548339    
0.800000     0.989648     0.042274     -0.424659    0.992292     -10.095397   0.582489    
0.810000     0.984891     0.052173     -0.526885    0.987401     -10.139192   0.626284    
0.820000     0.979107     0.062018     -0.630042    0.981401     -10.192959   0.680051    
0.830000     0.972286     0.071797     -0.734331    0.974248     -10.257109   0.744201    
0.840000     0.964416     0.081499     -0.839960    0.965885     -10.332142   0.819234    
0.850000     0.955482     0.091111     -0.947156    0.956245     -10.418663   0.905755    
0.860000     0.945467     0.100619     -1.056161    0.945248     -10.517393   1.004485    
0.870000     0.934352     0.110011     -1.167236    0.932799     -10.629186   1.116277    
0.880000     0.922114     0.119270     -1.280670    0.918786     -10.755050   1.242141    
0.890000     0.908729     0.128381     -1.396778    0.903076     -10.896176   1.383268    
0.900000     0.894169     0.137325     -1.515912    0.885513     -11.053970   1.541061    
0.910000     0.878400     0.146084     -1.638466    0.865912     -11.230095   1.717186    
0.920000     0.861387     0.154636     -1.764882    0.844054     -11.426526   1.913618    
0.930000     0.843088     0.162957     -1.895668    0.819676     -11.645621   2.132712    
0.940000     0.823457     0.171020     -2.031401    0.792465     -11.890204   2.377296    
0.950000     0.802441     0.178796     -2.172755    0.762040     -12.163693   2.650784    
0.960000     0.779980     0.186249     -2.320512    0.727940     -12.470245   2.957337    
0.970000     0.756006     0.193340     -2.475600    0.689595     -12.814975   3.302067    
0.980000     0.730440     0.200024     -2.639121    0.646299     -13.204240   3.691331    
0.990000     0.703191     0.206247     -2.812410    0.597164     -13.646035   4.133127    
1.000000     0.674154     0.211944     -2.997096    0.541054     -14.150571   4.637663    
1.010000     0.643205     0.217040     -3.195203    0.476497     -14.731095   5.218187    
1.020000     0.610197     0.221440     -3.409281    0.401544     -15.405127   5.892219    
1.030000     0.574955     0.225027     -3.642607    0.313563     -16.196364   6.683456    
1.040000     0.537266     0.227655     -3.899483    0.208895     -17.137712   7.624804    
1.050000     0.496868     0.229132     -4.185700    0.082298     -18.276336   8.763428    
1.060000     0.453428     0.229203     -4.509287    -0.074036    -19.682485   10.169577   
1.070000     0.406520     0.227513     -4.881793    -0.272310    -21.465938   11.953030   
1.080000     0.355572     0.223551     -5.320569    -0.532793    -23.809067   14.296159   
1.090000     0.299798     0.216532     -5.853148    -0.892002    -27.040415   17.527507   
1.100000     0.238045     0.205146     -6.526270    -1.423541    -31.822242   22.309334   
1.110000     0.168527     0.186933     -7.425355    -2.302742    -39.732167   30.219260   
1.120000     0.088273     0.156250     -8.704758    -4.079944    -55.722281   46.209377   
1.130000     -0.006396    0.094042     -9.975101    -9.677462    -106.090753  96.577959   
1.140000     -0.034140    -0.060245    8.704817     -13.928412   -144.412401  134.887249  
1.150000     0.062409     -0.143058    9.170551     -4.998977    -64.070192   54.544389   
1.160000     0.146607     -0.179572    7.750925     -2.673178    -43.137170   33.611357   
1.170000     0.218877     -0.200505    6.759461     -1.623587    -33.688988   24.163175   
1.180000     0.282664     -0.213474    6.031230     -1.017359    -28.231193   18.705380   
1.190000     0.340031     -0.221531    5.463288     -0.618607    -24.640908   15.115095   
1.200000     0.392277     -0.226224    5.000271     -0.334558    -22.083131   12.557317   
1.210000     0.440279     -0.228455    4.610266     -0.121054    -20.160418   10.634604   
1.220000     0.484660     -0.228800    4.273531     0.045720     -18.658394   9.132580    
1.230000     0.525883     -0.227649    3.977119     0.179800     -17.450715   7.924901    
1.240000     0.564306     -0.225283    3.712131     0.290023     -16.457828   6.932015    
1.250000     0.600209     -0.221909    3.472214     0.382246     -15.627006   6.101192    
1.260000     0.633819     -0.217685    3.252688     0.460514     -14.921840   5.396027    
1.270000     0.665319     -0.212735    3.050011     0.527713     -14.316337   4.790523    
1.280000     0.694866     -0.207160    2.861442     0.585963     -13.791414   4.265601    
1.290000     0.722588     -0.201041    2.684819     0.636857     -13.332734   3.806921    
1.300000     0.748596     -0.194443    2.518409     0.681615     -12.929305   3.403492    
1.310000     0.772985     -0.187425    2.360798     0.721189     -12.572554   3.046740    
1.320000     0.795838     -0.180034    2.210820     0.756334     -12.255696   2.729882    
1.330000     0.817224     -0.172312    2.067500     0.787652     -11.973290   2.447477    
1.340000     0.837207     -0.164292    1.930016     0.815635     -11.720925   2.195112    
1.350000     0.855841     -0.156009    1.797666     0.840683     -11.494988   1.969175    
1.360000     0.873175     -0.147488    1.669844     0.863127     -11.292496   1.766683    
1.370000     0.889252     -0.138754    1.546023     0.883244     -11.110967   1.585154    
1.380000     0.904108     -0.129830    1.425744     0.901263     -10.948324   1.422510    
1.390000     0.917777     -0.120735    1.308598     0.917379     -10.802819   1.277006    
1.400000     0.930289     -0.111488    1.194222     0.931755     -10.672979   1.147166    
1.410000     0.941669     -0.102105    1.082288     0.944530     -10.557556   1.031743    
1.420000     0.951942     -0.092602    0.972503     0.955822     -10.455492   0.929678    
1.430000     0.961126     -0.082993    0.864595     0.965729     -10.365891   0.840078    
1.440000     0.969239     -0.073292    0.758316     0.974335     -10.288000   0.762187    
1.450000     0.976297     -0.063511    0.653437     0.981712     -10.221183   0.695369    
1.460000     0.982312     -0.053662    0.549742     0.987917     -10.164912   0.639098    
1.470000     0.987295     -0.043756    0.447028     0.992998     -10.118753   0.592940    
1.480000     0.991255     -0.033805    0.345102     0.996995     -10.082360   0.556547    
1.490000     0.994199     -0.023820    0.243778     0.999936     -10.055464   0.529650    
1.500000     0.996132     -0.013810    0.142876     1.001844     -10.037866   0.512053    
1.510000     0.997057     -0.003786    0.042222     1.002733     -10.029442   0.503628    
1.520000     0.996977     0.006241     -0.058359    1.002609     -10.030129   0.504316    
1.530000     0.995890     0.016263     -0.159039    1.001472     -10.039933   0.514120    
1.540000     0.993795     0.026267     -0.259991    0.999314     -10.058925   0.533112    
1.550000     0.990688     0.036245     -0.361392    0.996119     -10.087242   0.561429    
1.560000     0.986565     0.046186     -0.463421    0.991864     -10.125090   0.599277    
1.570000     0.981417     0.056079     -0.566266    0.986519     -10.172752   0.646938    
1.580000     0.975236     0.065913     -0.670120    0.980042     -10.230585   0.704772    
1.590000     0.968011     0.075676     -0.775189    0.972385     -10.299039   0.773225    
1.600000     0.959728     0.085356     -0.881690    0.963486     -10.378655   0.852841    
1.610000     0.950372     0.094941     -0.989855    0.953274     -10.470086   0.944272    
1.620000     0.939924     0.104417     -1.099937    0.941661     -10.574106   1.048293    
1.630000     0.928365     0.113770     -1.212207    0.928546     -10.691635   1.165822    
1.640000     0.915672     0.122983     -1.326966    0.913808     -10.823755   1.297942    
1.650000     0.901817     0.132040     -1.444545    0.897305     -10.971747   1.445934    
1.660000     0.886770     0.140922     -1.565315    0.878869     -11.137123   1.611310    
1.670000     0.870498     0.149610     -1.689689    0.858299     -11.321676   1.795863    
1.680000     0.852963     0.158080     -1.818138    0.835359     -11.527539   2.001725    
1.690000     0.834120     0.166308     -1.951199    0.809765     -11.757261   2.231448    
1.700000     0.813922     0.174266     -2.089489    0.781176     -12.013914   2.488100    
1.710000     0.792311     0.181921     -2.233728    0.749177     -12.301217   2.775404    
1.720000     0.769224     0.189236     -2.384758    0.713263     -12.623722   3.097909    
1.730000     0.744590     0.196171     -2.543580    0.672809     -12.987049   3.461236    
1.740000     0.718323     0.202675     -2.711392    0.627032     -13.398222   3.872409    
1.750000     0.690327     0.208690     -2.889649    0.574946     -13.866131   4.340318    
1.760000     0.660489     0.214148     -3.080142    0.515277     -14.402205   4.876392    
1.770000     0.628676     0.218965     -3.285106    0.446364     -15.021396   5.495582    
1.780000     0.594729     0.223038     -3.507386    0.365988     -15.743664   6.217850    
1.790000     0.558458     0.226237     -3.750665    0.271111     -16.596308   7.070494    
1.800000     0.519630     0.228397     -4.019834    0.157463     -17.617742   8.091929    
1.810000     0.477954     0.229303     -4.321556    0.018823     -18.863914   9.338101    
1.820000     0.433060     0.228660     -4.665215    -0.154261    -20.419827   10.894013   
1.830000     0.384464     0.226054     -5.064550    -0.376933    -22.421686   12.895873   
1.840000     0.331514     0.220871     -5.540679    -0.675191    -25.103319   15.577506   
1.850000     0.273283     0.212140     -6.128071    -1.098010    -28.905255   19.379442   
1.860000     0.208386     0.198160     -6.887193    -1.750730    -34.775058   25.249245   
1.870000     0.134600     0.175491     -7.931042    -2.911496    -45.214929   35.689117   
1.880000     0.048245     0.135097     -9.413806    -5.634467    -69.709273   60.183476   
1.890000     -0.045740    0.037030     -6.288191    -16.770557   -169.922078  160.396472  
1.900000     0.008790     -0.107463    9.973935     -8.181330    -92.745405   83.206770   
1.910000     0.101403     -0.161978    8.483153     -3.689926    -52.328434   42.789721   
1.920000     0.179798     -0.190027    7.270870     -2.123207    -38.225492   28.686777   
1.930000     0.247992     -0.206860    6.412426     -1.316831    -30.965339   21.426624   
1.940000     0.308738     -0.217367    5.763697     -0.819221    -26.484381   16.945665   
1.950000     0.363702     -0.223761    5.246841     -0.478750    -23.417987   13.879272   
1.960000     0.413969     -0.227244    4.818833     -0.229817    -21.175699   11.636984   
1.970000     0.460288     -0.228550    4.454051     -0.039234    -19.458770   9.920054    
1.980000     0.503206     -0.228160    4.136205     0.111677     -18.099047   8.560332    
1.990000     0.543132     -0.226410    3.854376     0.234277     -16.994267   7.455551    
2.000000     0.580388     -0.223544    3.600926     0.335891     -16.078460   6.539745    
2.010000     0.615227     -0.219746    3.370319     0.421471     -15.307060   5.768344    
2.020000     0.647856     -0.215157    3.158428     0.494488     -14.648808   5.110092    
2.030000     0.678447     -0.209889    2.962096     0.557451     -14.081099   4.542383    
2.040000     0.707142     -0.204035    2.778861     0.612224     -13.587159   4.048443    
2.050000     0.734061     -0.197667    2.606763     0.660219     -13.154267   3.615551    
2.060000     0.759309     -0.190849    2.444220     0.702528     -12.772594   3.233879    
2.070000     0.782973     -0.183633    2.289935     0.740007     -12.434423   2.895707    
2.080000     0.805132     -0.176063    2.142832     0.773339     -12.133608   2.594892    
2.090000     0.825851     -0.168178    2.002007     0.803074     -11.865196   2.326481    
2.100000     0.845190     -0.160012    1.866693     0.829660     -11.625155   2.086440    
2.110000     0.863201     -0.151594    1.736233     0.853464     -11.410169   1.871453    
2.120000     0.879929     -0.142951    1.610058     0.874791     -11.217489   1.678773    
2.130000     0.895415     -0.134106    1.487671     0.893897     -11.044824   1.506108    
2.140000     0.909694     -0.125080    1.368636     0.910993     -10.890252   1.351537    
2.150000     0.922797     -0.115892    1.252565     0.926261     -10.752155   1.213439    
2.160000     0.934754     -0.106560    1.139111     0.939852     -10.629163   1.090447    
2.170000     0.945587     -0.097100    1.027961     0.951893     -10.520119   0.981403    
2.180000     0.955320     -0.087527    0.918832     0.962496     -10.424041   0.885325    
2.190000     0.963970     -0.077855    0.811463     0.971750     -10.340101   0.801385    
2.200000     0.971554     -0.068096    0.705614     0.979733     -10.267600   0.728884    
2.210000     0.978086     -0.058264    0.601060     0.986511     -10.205955   0.667239    
2.220000     0.983579     -0.048370    0.497591     0.992137     -10.154682   0.615967    
2.230000     0.988041     -0.038425    0.395009     0.996654     -10.113392   0.574676    
2.240000     0.991481     -0.028440    0.293122     1.000097     -10.081773   0.543057    
2.250000     0.993905     -0.018427    0.191748     1.002490     -10.059593   0.520877    
2.260000     0.995317     -0.008394    0.090707     1.003853     -10.046690   0.507974    
2.270000     0.995720     0.001647     -0.010175    1.004195     -10.042971   0.504255    
2.280000     0.995114     0.011686     -0.111073    1.003519     -10.048409   0.509694    
2.290000     0.993498     0.021714     -0.212160    1.001821     -10.063044   0.524328    
2.300000     0.990869     0.031719     -0.313613    0.999088     -10.086981   0.548265    
2.310000     0.987224     0.041692     -0.415611    0.995302     -10.120395   0.581679    
2.320000     0.982555     0.051622     -0.518338    0.990434     -10.163533   0.624817    
2.330000     0.976854     0.061497     -0.621986    0.984449     -10.216719   0.678004    
2.340000     0.970111     0.071307     -0.726757    0.977301     -10.280362   0.741647    
2.350000     0.962314     0.081039     -0.832862    0.968934     -10.354962   0.816247    
2.360000     0.953449     0.090681     -0.940529    0.959281     -10.441123   0.902408    
2.370000     0.943498     0.100220     -1.050002    0.948261     -10.539567   1.000851    
2.380000     0.932442     0.109642     -1.161543    0.935780     -10.651149   1.112433    
2.390000     0.920259     0.118931     -1.275444    0.921723     -10.776881   1.238166    
2.400000     0.906924     0.128070     -1.392022    0.905960     -10.917959   1.379244    
2.410000     0.892408     0.137044     -1.511630    0.888331     -11.075794   1.537079    
2.420000     0.876680     0.145830     -1.634665    0.868652     -11.252059   1.713343    
2.430000     0.859702     0.154409     -1.761574    0.846701     -11.448738   1.910022    
2.440000     0.841434     0.162756     -1.892865    0.822214     -11.668202   2.129486    
2.450000     0.821828     0.170844     -2.029121    0.794875     -11.913295   2.374579    
2.460000     0.800833     0.178643     -2.171019    0.764301     -12.187455   2.648739    
2.470000     0.778387     0.186117     -2.319348    0.730026     -12.494872   2.956156    
2.480000     0.754421     0.193229     -2.475040    0.691476     -12.840697   3.301981    
2.490000     0.728858     0.199930     -2.639208    0.647939     -13.231338   3.692623    
2.500000     0.701604     0.206168     -2.813196    0.598518     -13.674863   4.136147    
2.510000     0.672556     0.211877     -2.998647    0.542064     -14.181573   4.642858    
2.520000     0.641587     0.216981     -3.197601    0.477091     -14.764849   5.226133    
2.530000     0.608550     0.221384     -3.412632    0.401628     -15.442398   5.903682    
2.540000     0.573269     0.224970     -3.647051    0.313007     -16.238193   6.699477    
2.550000     0.535530     0.227588     -3.905204    0.207522     -17.185559   7.646843    
2.560000     0.495067     0.229047     -4.192950    0.079853     -18.332320   8.793605    
2.570000     0.451546     0.229086     -4.518423    -0.077936    -19.749827   10.211112   
2.580000     0.404534     0.227347     -4.893334    -0.278272    -21.549794   12.011079   
2.590000     0.353457     0.223311     -5.335312    -0.541849    -23.918291   14.379576   
2.600000     0.297513     0.216178     -5.872390    -0.906075    -27.191685   17.652969   
2.610000     0.235537     0.204611     -6.552276    -1.446723    -32.051381   22.512665   
2.620000     0.165709     0.186082     -7.462348    -2.345673    -40.133128   30.594413   
2.630000     0.085003     0.154738     -8.759022    -4.181551    -56.641631   47.102920   
2.640000     -0.010089    0.090404     -9.932779    -10.105843   -109.932677  100.394087  
2.650000     -0.030857    -0.065238    9.049305     -13.271779   -138.566125  129.015020  
2.660000     0.065830     -0.144803    9.112960     -4.856501    -62.867425   53.315820   
2.670000     0.149525     -0.180403    7.708590     -2.613418    -42.677774   33.126160   
2.680000     0.221432     -0.200881    6.728270     -1.588275    -33.447732   23.896117   
2.690000     0.284942     -0.213556    6.006461     -0.992580    -28.083008   18.531393   
2.700000     0.342083     -0.221395    5.442444     -0.599400    -24.541353   14.989738   
2.710000     0.394134     -0.225914    4.981970     -0.318701    -22.012411   12.460796   
2.720000     0.441962     -0.227998    4.593684     -0.107400    -20.108348   10.556733   
2.730000     0.486183     -0.228214    4.258144     0.057828     -18.619181   9.067566    
2.740000     0.527257     -0.226949    3.962575     0.190767     -17.420813   7.869198    
2.750000     0.565538     -0.224477    3.698187     0.300113     -16.434941   6.883326    
2.760000     0.601304     -0.221006    3.458692     0.391640     -15.609580   6.057965    
2.770000     0.634779     -0.216691    3.239454     0.469337     -14.908786   5.357171    
2.780000     0.666149     -0.211655    3.036964     0.536059     -14.306870   4.755255    
2.790000     0.695565     -0.205999    2.848502     0.593900     -13.784957   4.233342    
2.800000     0.723158     -0.199802    2.671923     0.644437     -13.328850   3.777235    
2.810000     0.749037     -0.193130    2.505502     0.688879     -12.927662   3.376047    
2.820000     0.773297     -0.186041    2.347836     0.728168     -12.572897   3.021282    
2.830000     0.796019     -0.178582    2.197765     0.763052     -12.257825   2.706210    
2.840000     0.817275     -0.170793    2.054320     0.794129     -11.977051   2.425436    
2.850000     0.837125     -0.162710    1.916681     0.821885     -11.726196   2.174581    
2.860000     0.855625     -0.154365    1.784149     0.846719     -11.501676   1.950061    
2.870000     0.872823     -0.145785    1.656121     0.868960     -11.300528   1.748913    
2.880000     0.888761     -0.136994    1.532072     0.888879     -11.120290   1.568675    
2.890000     0.903476     -0.128014    1.411542     0.906706     -10.958899   1.407284    
2.900000     0.917002     -0.118866    1.294124     0.922634     -10.814621   1.263006    
2.910000     0.929368     -0.109567    1.179456     0.936825     -10.685994   1.134379    
2.920000     0.940599     -0.100135    1.067211     0.949416     -10.571780   1.020165    
2.930000     0.950719     -0.090584    0.957093     0.960523     -10.470931   0.919316    
2.940000     0.959747     -0.080929    0.848833     0.970245     -10.382561   0.830946    
2.950000     0.967701     -0.071183    0.742181     0.978664     -10.305922   0.754307    
2.960000     0.974596     -0.061360    0.636907     0.985849     -10.240389   0.688774    
2.970000     0.980443     -0.051470    0.532794     0.991859     -10.185442   0.633827    
2.980000     0.985255     -0.041526    0.429639     0.996741     -10.140656   0.589041    
2.990000     0.989039     -0.031539    0.327247     1.000531     -10.105692   0.554076    
3.000000     0.991802     -0.021519    0.225432     1.003259     -10.080289   0.528674    
3.010000     0.993549     -0.011477    0.124011     1.004945     -10.064261   0.512646    
3.020000     0.994283     -0.001424    0.022808     1.005602     -10.057493   0.505878    
3.030000     0.994005     0.008631     -0.078353    1.005235     -10.059933   0.508318    
3.040000     0.992715     0.018678     -0.179648    1.003842     -10.071601   0.519986    
3.050000     0.990411     0.028705     -0.281251    1.001414     -10.092581   0.540966    
3.060000     0.987088     0.038703     -0.383343    0.997933     -10.123026   0.571411    
3.070000     0.982742     0.048660     -0.486107    0.993375     -10.163162   0.611547    
3.080000     0.977363     0.058566     -0.589735    0.987704     -10.213289   0.661674    
3.090000     0.970944     0.068410     -0.694424    0.980880     -10.273790   0.722175    
3.100000     0.963471     0.078180     -0.800386    0.972848     -10.345141   0.793526    
3.110000     0.954931     0.087863     -0.907844    0.963545     -10.427915   0.876300    
3.120000     0.945308     0.097446     -1.017037    0.952894     -10.522801   0.971186    
3.130000     0.934583     0.106916     -1.128225    0.940804     -10.630617   1.079002    
3.140000     0.922736     0.116257     -1.241691    0.927166     -10.752332   1.200717    
3.150000     0.909741     0.125454     -1.357746    0.911853     -10.889090   1.337475    
3.160000     0.895571     0.134488     -1.476734    0.894716     -11.042244   1.490629    
3.170000     0.880195     0.143341     -1.599040    0.875574     -11.213394   1.661779    
3.180000     0.863578     0.151992     -1.725098    0.854217     -11.404440   1.852825    
3.190000     0.845679     0.160418     -1.855400    0.830393     -11.617646   2.066030    
3.200000     0.826454     0.168591     -1.990509    0.803799     -11.855725   2.304110    
3.210000     0.805851     0.176483     -2.131077    0.774071     -12.121953   2.570338    
3.220000     0.783812     0.184060     -2.277862    0.740765     -12.420310   2.868695    
3.230000     0.760270     0.191285     -2.431758    0.703338     -12.755682   3.204066    
3.240000     0.735149     0.198111     -2.593829    0.661115     -13.134125   3.582510    
3.250000     0.708362     0.204488     -2.765353    0.613250     -13.563242   4.011627    
3.260000     0.679806     0.210354     -2.947892    0.558666     -14.052703   4.501088    
3.270000     0.649361     0.215634     -3.143375    0.495972     -14.615013   5.063398    
3.280000     0.616887     0.220240     -3.354226    0.423334     -15.266638   5.715023    
3.290000     0.582215     0.224060     -3.583546    0.338287     -16.029736   6.478121    
3.300000     0.545141     0.226953     -3.835385    0.237427     -16.934889   7.383274    
3.310000     0.505414     0.228740     -4.115162    0.115912     -18.025611   8.473996    
3.320000     0.462720     0.229179     -4.430341    -0.033407    -19.366135   9.814520    
3.330000     0.416655     0.227943     -4.791565    -0.221571    -21.055710   11.504095   
3.340000     0.366684     0.224560     -5.214658    -0.466661    -23.256829   13.705214   
3.350000     0.312074     0.218317     -5.724409    -0.800607    -26.256532   16.704917   
3.360000     0.251772     0.208050     -6.362239    -1.286009    -30.617567   21.065952   
3.370000     0.184161     0.191639     -7.202684    -2.065748    -37.624603   28.072988   
3.380000     0.106590     0.164470     -8.384258    -3.556344    -51.023293   41.471681   
3.390000     0.015039     0.112600     -9.904630    -7.671524    -88.028552   78.476993   
3.400000     -0.049254    -0.025897    4.664990     -17.847308   -179.702814  170.144275  
3.410000     0.042341     -0.131249    9.529005     -5.923767    -72.510959   62.946470   
3.420000     0.129732     -0.173272    8.016694     -3.000142    -46.198628   36.634118   
3.430000     0.204225     -0.196524    6.945520     -1.787773    -35.282701   25.718189   
3.440000     0.269618     -0.210760    6.170133     -1.114762    -29.221127   19.656616   
3.450000     0.328214     -0.219604    5.572332     -0.682021    -25.322533   15.758021   
3.460000     0.381443     -0.224824    5.089023     -0.378247    -22.585125   13.020614   
3.470000     0.430255     -0.227425    4.684433     -0.152242    -20.548055   10.983544   
3.480000     0.475320     -0.228037    4.336745     0.022968     -18.968452   9.403941    
3.490000     0.517132     -0.227083    4.031817     0.163015     -17.705571   8.141060    
3.500000     0.556067     -0.224861    3.760020     0.277616     -16.671922   7.107411    
3.510000     0.592420     -0.221594    3.514532     0.373144     -15.810097   6.245586    
3.520000     0.626428     -0.217447    3.290357     0.453965     -15.080778   5.516266    
3.530000     0.658286     -0.212553    3.083735     0.523175     -14.456079   4.891567    
3.540000     0.688152     -0.207015    2.891771     0.583034     -13.915646   4.351135    
3.550000     0.716162     -0.200918    2.712189     0.635232     -13.444256   3.879745    
3.560000     0.742431     -0.194332    2.543170     0.681057     -13.030287   3.465776    
3.570000     0.767056     -0.187315    2.383235     0.721514     -12.664707   3.100196    
3.580000     0.790122     -0.179916    2.231169     0.757392     -12.340390   2.775879    
3.590000     0.811702     -0.172180    2.085957     0.789324     -12.051637   2.487126    
3.600000     0.831861     -0.164141    1.946746     0.817822     -11.793838   2.229326    
3.610000     0.850655     -0.155833    1.812806     0.843304     -11.563226   1.998714    
3.620000     0.868133     -0.147284    1.683513     0.866113     -11.356696   1.792184    
3.630000     0.884339     -0.138519    1.558322     0.886537     -11.171670   1.607158    
3.640000     0.899311     -0.129561    1.436759     0.904813     -11.005993   1.441482    
3.650000     0.913084     -0.120429    1.318403     0.921143     -10.857857   1.293345    
3.660000     0.925689     -0.111144    1.202880     0.935696     -10.725735   1.161223    
3.670000     0.937150     -0.101721    1.089854     0.948615     -10.608338   1.043827    
3.680000     0.947493     -0.092176    0.979024     0.960021     -10.504575   0.940064    
3.690000     0.956737     -0.082525    0.870111     0.970016     -10.413523   0.849012    
3.700000     0.964901     -0.072781    0.762862     0.978686     -10.334403   0.769892    
3.710000     0.971999     -0.062956    0.657041     0.986103     -10.266562   0.702051    
3.720000     0.978046     -0.053062    0.552427     0.992329     -10.209457   0.644946    
3.730000     0.983051     -0.043113    0.448813     0.997411     -10.162643   0.598131    
3.740000     0.987025     -0.033118    0.346002     1.001391     -10.125762   0.561250    
3.750000     0.989973     -0.023089    0.243804     1.004297     -10.098538   0.534026    
3.760000     0.991902     -0.013035    0.142036     1.006152     -10.080770   0.516258    
3.770000     0.992815     -0.002969    0.040519     1.006971     -10.072328   0.507816    
3.780000     0.992713     0.007100     -0.060925    1.006760     -10.073150   0.508639    
3.790000     0.991596     0.017163     -0.162471    1.005518     -10.083243   0.518732    
3.800000     0.989462     0.027207     -0.264297    1.003237     -10.102680   0.538169    
3.810000     0.986308     0.037224     -0.366583    0.999901     -10.131604   0.567092    
3.820000     0.982129     0.047202     -0.469513    0.995485     -10.170228   0.605716    
3.830000     0.976915     0.057130     -0.573276    0.989958     -10.218842   0.654331    
3.840000     0.970660     0.066997     -0.678074    0.983277     -10.277820   0.713309    
3.850000     0.963350     0.076791     -0.784114    0.975391     -10.347623   0.783111    
3.860000     0.954972     0.086501     -0.891620    0.966238     -10.428812   0.864301    
3.870000     0.945512     0.096112     -1.000830    0.955741     -10.522062   0.957551    
3.880000     0.934949     0.105611     -1.112002    0.943812     -10.628176   1.063665    
3.890000     0.923264     0.114983     -1.225416    0.930345     -10.748105   1.183593    
3.900000     0.910432     0.124212     -1.341382    0.915214     -10.882972   1.318461    
3.910000     0.896427     0.133281     -1.460240    0.898270     -11.034107   1.469595    
3.920000     0.881217     0.142171     -1.582372    0.879340     -11.203081   1.638569    
3.930000     0.864767     0.150861     -1.708205    0.858214     -11.391760   1.827248    
3.940000     0.847039     0.159327     -1.838227    0.834645     -11.602368   2.037856    
3.950000     0.827987     0.167544     -1.972994    0.808337     -11.837568   2.273056    
3.960000     0.807561     0.175483     -2.113146    0.778931     -12.100571   2.536060    
3.970000     0.785703     0.183111     -2.259432    0.745992     -12.395280   2.830769    
3.980000     0.762349     0.190390     -2.412730    0.708989     -12.726478   3.161967    
3.990000     0.737422     0.197275     -2.574086    0.667260     -13.100089   3.535578    
4.000000     0.710836     0.203716     -2.744755    0.619980     -13.523539   3.959027    
4.010000     0.682491     0.209653     -2.926266    0.566097     -14.006262   4.441750    
4.020000     0.652268     0.215012     -3.120508    0.504255     -14.560434   4.995923    
4.030000     0.620030     0.219706     -3.329849    0.432672     -15.202060   5.637549    
4.040000     0.585611     0.223625     -3.557310    0.348956     -15.952625   6.388113    
4.050000     0.548811     0.226633     -3.806833    0.249814     -16.841702   7.277190    
4.060000     0.509384     0.228555     -4.083673    0.130577     -17.911230   8.346719    
4.070000     0.467022     0.229155     -4.395051    -0.015618    -19.222871   9.658360    
4.080000     0.421334     0.228118     -4.751219    -0.199324    -20.871417   11.306905   
4.090000     0.371799     0.224988     -5.167351    -0.437700    -23.011060   13.446549   
4.100000     0.317710     0.219084     -5.667082    -0.760797    -25.911829   16.347317   
4.110000     0.258051     0.209303     -6.289623    -1.226808    -30.096720   20.532208   
4.120000     0.191281     0.193658     -7.105008    -1.966139    -36.737930   27.173419   
4.130000     0.114882     0.167928     -8.244017    -3.347307    -49.148652   39.584143   
4.140000     0.024878     0.119918     -9.782308    -6.962798    -81.651523   72.087051   
4.150000     -0.052354    -0.007416    1.414923     -18.897254   -189.119173  179.554099  
4.160000     0.032744     -0.125032    9.688174     -6.459475    -77.370143   67.792770   
4.170000     0.121675     -0.170122    8.147872     -3.174887    -47.811266   38.233863   
4.180000     0.197263     -0.194595    7.036709     -1.873035    -36.089170   26.511765   
4.190000     0.263439     -0.209485    6.237779     -1.164941    -29.710892   20.133487   
4.200000     0.322633     -0.218734    5.625283     -0.714793    -25.654776   16.077371   
4.210000     0.376340     -0.224229    5.132112     -0.401074    -22.827122   13.249717   
4.220000     0.425546     -0.227025    4.720509     -0.168832    -20.733258   11.155853   
4.230000     0.470945     -0.227780    4.367603     0.010560     -19.115440   9.538035    
4.240000     0.513044     -0.226934    4.058654     0.153553     -17.825531   8.248126    
4.250000     0.552231     -0.224796    3.783668     0.270308     -16.772010   7.194605    
4.260000     0.588807     -0.221593    3.535590     0.367462     -15.895118   6.317713    
4.270000     0.623015     -0.217497    3.309270     0.449540     -15.154083   5.576678    
4.280000     0.655052     -0.212642    3.100843     0.519742     -14.520084   4.942679    
4.290000     0.685081     -0.207134    2.907337     0.580396     -13.972139   4.394734    
4.300000     0.713240     -0.201060    2.726421     0.633241     -13.494589   3.917184    
4.310000     0.739645     -0.194491    2.556236     0.679599     -13.075504   3.498099    
4.320000     0.764396     -0.187486    2.395272     0.720499     -12.705629   3.128224    
4.330000     0.787577     -0.180096    2.242289     0.756750     -12.377670   2.800265    
4.340000     0.809265     -0.172365    2.096254     0.788997     -12.085804   2.508399    
4.350000     0.829523     -0.164328    1.956298     0.817762     -11.825324   2.247919    
4.360000     0.848408     -0.156019    1.821681     0.843473     -11.592389   2.014984    
4.370000     0.865972     -0.147468    1.691767     0.866479     -11.383836   1.806431    
4.380000     0.882258     -0.138698    1.566005     0.887071     -11.197038   1.619633    
4.390000     0.897304     -0.129733    1.443911     0.905494     -11.029805   1.452400    
4.400000     0.911147     -0.120595    1.325062     0.921950     -10.880296   1.302891    
4.410000     0.923815     -0.111300    1.209077     0.936612     -10.746960   1.169555    
4.420000     0.935337     -0.101868    1.095619     0.949625     -10.628489   1.051084    
4.430000     0.945735     -0.092313    0.984379     0.961111     -10.523773   0.946368    
4.440000     0.955031     -0.082650    0.875078     0.971175     -10.431876   0.854471    
4.450000     0.963242     -0.072894    0.767459     0.979903     -10.352007   0.774602    
4.460000     0.970385     -0.063057    0.661284     0.987370     -10.283503   0.706098    
4.470000     0.976472     -0.053151    0.556331     0.993636     -10.225814   0.648409    
4.480000     0.981515     -0.043188    0.452391     0.998752     -10.178486   0.601081    
4.490000     0.985522     -0.033179    0.349263     1.002756     -10.141158   0.563753    
4.500000     0.988502     -0.023136    0.246759     1.005681     -10.113547   0.536143    
4.510000     0.990459     -0.013069    0.144691     1.007549     -10.095450   0.518046    
4.520000     0.991397     -0.002989    0.042880     1.008374     -10.086734   0.509329    
4.530000     0.991317     0.007095     -0.058852    1.008164     -10.087334   0.509929    
4.540000     0.990219     0.017171     -0.160682    1.006916     -10.097255   0.519850    
4.550000     0.988102     0.027230     -0.262790    1.004624     -10.116569   0.539164    
4.560000     0.984962     0.037260     -0.365355    1.001271     -10.145419   0.568014    
4.570000     0.980793     0.047252     -0.468564    0.996833     -10.184019   0.606614    
4.580000     0.975588     0.057193     -0.572609    0.991277     -10.232660   0.655256    
4.590000     0.969337     0.067073     -0.677689    0.984562     -10.291717   0.714312    
4.600000     0.962030     0.076880     -0.784015    0.976635     -10.361652   0.784247    
4.610000     0.953652     0.086602     -0.891811    0.967433     -10.443032   0.865627    
4.620000     0.944188     0.096224     -1.001318    0.956881     -10.536534   0.959129    
4.630000     0.933619     0.105735     -1.112794    0.944889     -10.642968   1.065563    
4.640000     0.921925     0.115117     -1.226523    0.931349     -10.763289   1.185884    
4.650000     0.909080     0.124356     -1.342814    0.916135     -10.898631   1.321226    
4.660000     0.895059     0.133434     -1.462012    0.899098     -11.050333   1.472928    
4.670000     0.879829     0.142331     -1.584500    0.880061     -11.219978   1.642573    
4.680000     0.863356     0.151028     -1.710709    0.858814     -11.409449   1.832044    
4.690000     0.845601     0.159499     -1.841130    0.835108     -11.620988   2.043583    
4.700000     0.826518     0.167721     -1.976324    0.808642     -11.857284   2.279879    
4.710000     0.806056     0.175662     -2.116936    0.779055     -12.121578   2.544173    
4.720000     0.784159     0.183290     -2.263722    0.745908     -12.417812   2.840407    
4.730000     0.760758     0.190566     -2.417567    0.708662     -12.750820   3.173415    
4.740000     0.735780     0.197447     -2.579527    0.666649     -13.126594   3.549189    
4.750000     0.709137     0.203881     -2.750870    0.619032     -13.552648   3.975243    
4.760000     0.680726     0.209806     -2.933143    0.564746     -14.038537   4.461132    
4.770000     0.650431     0.215149     -3.128254    0.502416     -14.596603   5.019198    
4.780000     0.618111     0.219821     -3.338602    0.430234     -15.243087   5.665682    
4.790000     0.583598     0.223713     -3.567249    0.345766     -15.999814   6.422409    
4.800000     0.546691     0.226685     -3.818191    0.245664     -16.896872   7.319467    
4.810000     0.507142     0.228558     -4.096770    0.125166     -17.977001   8.399596    
4.820000     0.464640     0.229097     -4.410329    -0.022739    -19.303166   9.725761    
4.830000     0.418785     0.227977     -4.769319    -0.208858    -20.972420   11.395015   
4.840000     0.369051     0.224735     -5.189244    -0.450824    -23.143151   13.565746   
4.850000     0.314718     0.218674     -5.694319    -0.779651    -26.093967   16.516562   
4.860000     0.254750     0.208658     -6.324862    -1.255770    -30.367823   20.790419   
4.870000     0.187568     0.192634     -7.153151    -2.015865    -37.193043   27.615639   
4.880000     0.110588     0.166182     -8.313827    -3.452278    -50.096376   40.518973   
4.890000     0.019806     0.116247     -9.846918    -7.313476    -84.801715   75.224356   
4.900000     -0.051166    -0.017047    3.176113     -18.482189   -185.420731  175.839509  
4.910000     0.037735     -0.128258    9.610203     -6.169164    -74.797567   65.207298   
4.920000     0.125886     -0.171672    8.080661     -3.077547    -46.974483   37.384189   
4.930000     0.200910     -0.195450    6.989253     -1.822950    -35.676696   26.086401   
4.940000     0.266674     -0.209943    6.201834     -1.133340    -29.463898   19.873602   
4.950000     0.325547     -0.218927    5.596393     -0.692390    -25.489805   15.899510   
4.960000     0.378989     -0.224226    5.107853     -0.383961    -22.709091   13.118795   
4.970000     0.427970     -0.226869    4.699461     -0.155069    -20.644786   11.054490   
4.980000     0.473170     -0.227499    4.348876     0.022049     -19.046902   9.456606    
4.990000     0.515091     -0.226547    4.041658     0.163415     -17.771146   8.180851    
5.000000     0.554115     -0.224316    3.767993     0.278959     -16.728091   7.137795    
5.010000     0.590540     -0.221032    3.520943     0.375179     -15.859195   6.268899    
5.020000     0.624605     -0.216862    3.295433     0.456517     -15.124439   5.534143    
5.030000     0.656507     -0.211940    3.087649     0.526118     -14.495485   4.905190    
5.040000     0.686408     -0.206371    2.894658     0.586275     -13.951677   4.361382    
5.050000     0.714442     -0.200241    2.714155     0.638700     -13.477582   3.887286    
5.060000     0.740726     -0.193619    2.544298     0.684699     -13.061428   3.471133    
5.070000     0.765358     -0.186565    2.383595     0.725286     -12.694077   3.103781    
5.080000     0.788424     -0.179128    2.230815     0.761260     -12.368322   2.778026    
5.090000     0.809998     -0.171353    2.084935     0.793260     -12.078404   2.488108    
5.100000     0.830143     -0.163275    1.945092     0.821803     -11.819668   2.229372    
5.110000     0.848917     -0.154927    1.810552     0.847309     -11.588312   1.998016    
5.120000     0.866370     -0.146338    1.680683     0.870127     -11.381203   1.790908    
5.130000     0.882545     -0.137532    1.554937     0.890544     -11.195743   1.605448    
5.140000     0.897481     -0.128534    1.432833     0.908800     -11.029761   1.439465    
5.150000     0.911212     -0.119363    1.313950     0.925099     -10.881432   1.291137    
5.160000     0.923769     -0.110038    1.197910     0.939610     -10.749223   1.158928    
5.170000     0.935179     -0.100576    1.084374     0.952477     -10.631835   1.041540    
5.180000     0.945464     -0.090993    0.973037     0.963822     -10.528172   0.937876    
5.190000     0.954646     -0.081304    0.863620     0.973746     -10.437306   0.847010    
5.200000     0.962742     -0.071523    0.755866     0.982337     -10.358455   0.768159    
5.210000     0.969768     -0.061662    0.649538     0.989667     -10.290965   0.700670    
5.220000     0.975737     -0.051734    0.544413     0.995795     -10.234293   0.643997    
5.230000     0.980659     -0.041750    0.440282     1.000772     -10.187992   0.597697    
5.240000     0.984545     -0.031722    0.336945     1.004637     -10.151709   0.561414    
5.250000     0.987400     -0.021661    0.234212     1.007418     -10.125169   0.534874    
5.260000     0.989231     -0.011577    0.131896     1.009139     -10.108175   0.517879    
5.270000     0.990039     -0.001481    0.029815     1.009813     -10.100601   0.510306    
5.280000     0.989827     0.008616     -0.072208    1.009445     -10.102393   0.512097    
5.290000     0.988594     0.018704     -0.174353    1.008035     -10.113562   0.523266    
5.300000     0.986339     0.028773     -0.276800    1.005571     -10.134191   0.543896    
5.310000     0.983057     0.038812     -0.379731    1.002038     -10.164434   0.574138    
5.320000     0.978742     0.048810     -0.483334    0.997410     -10.204515   0.614219    
5.330000     0.973387     0.058756     -0.587803    0.991652     -10.254738   0.664443    
5.340000     0.966982     0.068639     -0.693340    0.984721     -10.315494   0.725198    
5.350000     0.959516     0.078447     -0.800161    0.976563     -10.387263   0.796967    
5.360000     0.950974     0.088166     -0.908492    0.967114     -10.470629   0.880333    
5.370000     0.941340     0.097784     -1.018577    0.956293     -10.566294   0.975998    
5.380000     0.930596     0.107287     -1.130682    0.944009     -10.675092   1.084797    
5.390000     0.918719     0.116659     -1.245093    0.930150     -10.798014   1.207718    
5.400000     0.905685     0.125885     -1.362129    0.914586     -10.936228   1.345932    
5.410000     0.891467     0.134945     -1.482141    0.897163     -11.091118   1.500822    
5.420000     0.876031     0.143821     -1.605523    0.877698     -11.264324   1.674028    
5.430000     0.859343     0.152491     -1.732716    0.855972     -11.457792   1.867497    
5.440000     0.841363     0.160932     -1.864225    0.831728     -11.673849   2.083553    
5.450000     0.822043     0.169116     -2.000626    0.804654     -11.915282   2.324987    
5.460000     0.801332     0.177014     -2.142588    0.774373     -12.185463   2.595168    
5.470000     0.779170     0.184592     -2.290887    0.740429     -12.488495   2.898200    
5.480000     0.755490     0.191809     -2.446444    0.702258     -12.829423   3.239127    
5.490000     0.730213     0.198620     -2.610351    0.659163     -13.214511   3.624215    
5.500000     0.703250     0.204973     -2.783930    0.610264     -13.651639   4.061343    
5.510000     0.674497     0.210803     -2.968790    0.554442     -14.150856   4.560561    
5.520000     0.643830     0.216034     -3.166931    0.490244     -14.725190   5.134895    
5.530000     0.611106     0.220573     -3.380867    0.415753     -15.391851   5.801555    
5.540000     0.576150     0.224306     -3.613826    0.328379     -16.174080   6.583784    
5.550000     0.538752     0.227086     -3.870037    0.224531     -17.104097   7.513801    
5.560000     0.498653     0.228725     -4.155185    0.099075     -18.227983   8.637688    
5.570000     0.455526     0.228971     -4.477132    -0.055614    -19.614200   10.023904   
5.580000     0.408950     0.227476     -4.847159    -0.251414    -21.369375   11.779079   
5.590000     0.358367     0.223741     -5.282155    -0.507968    -23.669894   14.079599   
5.600000     0.303004     0.217001     -5.808821    -0.860452    -26.831684   17.241388   
5.610000     0.241739     0.205987     -6.472247    -1.379183    -31.486360   21.896064   
5.620000     0.172837     0.188341     -7.354439    -2.229508    -39.119537   29.529242   
5.630000     0.093428     0.158737     -8.604972    -3.918831    -54.291681   44.701390   
5.640000     -0.000340    0.099802     -9.987098    -9.026254    -100.197889  90.607688   
5.650000     -0.039250    -0.051291    7.960289     -15.069729   -154.833507  145.231472  
5.660000     0.056894     -0.139719    9.280699     -5.218889    -66.287253   56.684083   
5.670000     0.142028     -0.177492    7.826710     -2.741752    -43.990480   34.387297   
5.680000     0.214919     -0.198862    6.810084     -1.649435    -34.152125   24.548942   
5.690000     0.279130     -0.211990    6.066505     -1.025574    -28.530325   18.927141   
5.700000     0.336796     -0.220080    5.488412     -0.617940    -24.855444   15.252260   
5.710000     0.389255     -0.224739    5.018160     -0.328848    -22.248220   12.645036   
5.720000     0.437407     -0.226896    4.622686     -0.112254    -20.294095   10.690912   
5.730000     0.481889     -0.227142    4.281620     0.056513     -18.770914   9.167730    
5.740000     0.523176     -0.225877    3.981649     0.191920     -17.548366   7.945183    
5.750000     0.561629     -0.223384    3.713650     0.303043     -16.544700   6.941517    
5.760000     0.597533     -0.219877    3.471121     0.395880     -15.705886   6.102702    
5.770000     0.631120     -0.215514    3.249281     0.474560     -14.994702   5.391518    
5.780000     0.662576     -0.210423    3.044518     0.542027     -14.384625   4.781441    
5.790000     0.692058     -0.204704    2.854040     0.600438     -13.856217   4.253034    
5.800000     0.719697     -0.198439    2.675647     0.651410     -13.394893   3.791710    
5.810000     0.745605     -0.191696    2.507575     0.696183     -12.989485   3.386302    
5.820000     0.769878     -0.184532    2.348390     0.735721     -12.631293   3.028110    
5.830000     0.792599     -0.176996    2.196906     0.770787     -12.313439   2.710255    
5.840000     0.813839     -0.169130    2.052136     0.801993     -12.030411   2.427228    
5.850000     0.833661     -0.160968    1.913244     0.829833     -11.777746   2.174562    
5.860000     0.852121     -0.152543    1.779517     0.854711     -11.551790   1.948606    
5.870000     0.869266     -0.143882    1.650342     0.876963     -11.349530   1.746347    
5.880000     0.885141     -0.135011    1.525186     0.896866     -11.168463   1.565279    
5.890000     0.899782     -0.125952    1.403579     0.914650     -11.006494   1.403310    
5.900000     0.913223     -0.116725    1.285109     0.930513     -10.861864   1.258680    
5.910000     0.925493     -0.107348    1.169407     0.944617     -10.733090   1.129907    
5.920000     0.936619     -0.097838    1.056140     0.957101     -10.618921   1.015737    
5.930000     0.946623     -0.088211    0.945009     0.968083     -10.518297   0.915113    
5.940000     0.955526     -0.078481    0.835738     0.977661     -10.430323   0.827140    
5.950000     0.963343     -0.068662    0.728075     0.985919     -10.354248   0.751065    
5.960000     0.970092     -0.058767    0.621784     0.992926     -10.289442   0.686259    
5.970000     0.975783     -0.048807    0.516646     0.998740     -10.235386   0.632202    
5.980000     0.980428     -0.038796    0.412452     1.003407     -10.191655   0.588471    
5.990000     0.984034     -0.028743    0.309004     1.006965     -10.157914   0.554731    
6.000000     0.986610     -0.018660    0.206111     1.009440     -10.133909   0.530726    
6.010000     0.988158     -0.008558    0.103587     1.010854     -10.119461   0.516278    
6.020000     0.988682     0.001554     0.001251     1.011217     -10.114464   0.511280    
6.030000     0.988183     0.011663     -0.101077    1.010532     -10.118880   0.515696    
6.040000     0.986660     0.021761     -0.203578    1.008797     -10.132741   0.529558    
6.050000     0.984110     0.031836     -0.306433    1.005999     -10.156151   0.552968    
6.060000     0.980529     0.041877     -0.409828    1.002119     -10.189284   0.586101    
6.070000     0.975911     0.051874     -0.513952    0.997128     -10.232389   0.629206    
6.080000     0.970247     0.061816     -0.619003    0.990990     -10.285797   0.682613    
6.090000     0.963527     0.071690     -0.725190    0.983657     -10.349924   0.746741    
6.100000     0.955739     0.081485     -0.832730    0.975072     -10.425286   0.822103    
6.110000     0.946867     0.091187     -0.941858    0.965166     -10.512504   0.909321    
6.120000     0.936896     0.100784     -1.052825    0.953855     -10.612323   1.009139    
6.130000     0.925804     0.110259     -1.165903    0.941039     -10.725626   1.122443    
6.140000     0.913570     0.119599     -1.281393    0.926603     -10.853464   1.250280    
6.150000     0.900167     0.128786     -1.399621    0.910408     -10.997074   1.393890    
6.160000     0.885567     0.137801     -1.520955    0.892289     -11.157924   1.554741    
6.170000     0.869736     0.146624     -1.645803    0.872052     -11.337755   1.734572    
6.180000     0.852637     0.155234     -1.774631    0.849466     -11.538638   1.935454    
6.190000     0.834228     0.163605     -1.907965    0.824255     -11.763048   2.159865    
6.200000     0.814461     0.171709     -2.046414    0.796087     -12.013965   2.410782    
6.210000     0.793281     0.179515     -2.190680    0.764558     -12.294997   2.691814    
6.220000     0.770625     0.186987     -2.341589    0.729176     -12.610553   3.007370    
6.230000     0.746424     0.194084     -2.500118    0.689336     -12.966070   3.362886    
6.240000     0.720594     0.200757     -2.667433    0.644280     -13.368331   3.765147    
6.250000     0.693041     0.206949     -2.844949    0.593053     -13.825906   4.222723    
6.260000     0.663655     0.212593     -3.034402    0.534428     -14.349788   4.746605    
6.270000     0.632306     0.217608     -3.237955    0.466808     -14.954316   5.351132    
6.280000     0.598840     0.221892     -3.458350    0.388063     -15.658573   6.055390    
6.290000     0.563071     0.225322     -3.699128    0.295297     -16.488559   6.885375    
6.300000     0.524774     0.227738     -3.964970    0.184449     -17.480689   7.877506    
6.310000     0.483667     0.228932     -4.262228    0.049642     -18.687707   9.084524    
6.320000     0.439395     0.228622     -4.599792    -0.117992    -20.189190   10.586007   
6.330000     0.391495     0.226417     -4.990601    -0.332535    -22.111524   12.508341   
6.340000     0.339342     0.221738     -5.454374    -0.617874    -24.669165   15.065982   
6.350000     0.282060     0.213680     -6.022968    -1.018294    -28.259717   18.656534   
6.360000     0.218354     0.200691     -6.751610    -1.626809    -33.718558   24.115375   
6.370000     0.146162     0.179710     -7.742825    -2.679841    -43.169630   33.566448   
6.380000     0.062055     0.143102     -9.159673    -5.011714    -64.111611   54.508438   
6.390000     -0.034311    0.060112     -8.669800    -13.949397   -144.478675  134.875549  
6.400000     -0.006149    -0.094041    10.000351    -9.642653    -106.109801  96.493884   
6.410000     0.088675     -0.155893    8.713519     -4.044383    -55.757286   46.141222   
6.420000     0.168976     -0.186227    7.426751     -2.268472    -39.767363   30.151296   
6.430000     0.238483     -0.204103    6.522970     -1.390526    -31.857418   22.241350   
6.440000     0.300185     -0.215164    5.846356     -0.860087    -27.075881   17.459813   
6.450000     0.355877     -0.221869    5.310947     -0.501844    -23.845072   14.229004   
6.460000     0.406716     -0.225526    4.869755     -0.242222    -21.502661   11.886593   
6.470000     0.453493     -0.226919    4.495108     -0.044730    -19.720065   10.103997   
6.480000     0.496781     -0.226559    4.169572     0.110884     -18.314883   8.698815    
6.490000     0.537009     -0.224800    3.881550     0.236809     -17.177322   7.561253    
6.500000     0.574510     -0.221896    3.622972     0.340844     -16.237120   6.621051    
6.510000     0.609547     -0.218038    3.388024     0.428222     -15.447109   5.831040    
6.520000     0.642335     -0.213375    3.172384     0.502595     -14.774379   5.158311    
6.530000     0.673048     -0.208021    2.972760     0.566593     -14.195234   4.579166    
6.540000     0.701835     -0.202071    2.786591     0.622158     -13.692153   4.076085    
6.550000     0.728818     -0.195601    2.611843     0.670760     -13.251890   3.635822    
6.560000     0.754104     -0.188675    2.446879     0.713530     -12.864239   3.248171    
6.570000     0.777784     -0.181347    2.290358     0.751355     -12.521206   2.905138    
6.580000     0.799936     -0.173662    2.141171     0.784939     -12.216439   2.600371    
6.590000     0.820628     -0.165660    1.998386     0.814848     -11.944830   2.328761    
6.600000     0.839922     -0.157376    1.861213     0.841543     -11.702223   2.086155    
6.610000     0.857869     -0.148839    1.728978     0.865402     -11.485210   1.869142    
6.620000     0.874516     -0.140076    1.601095     0.886737     -11.290972   1.674904    
6.630000     0.889904     -0.131112    1.477056     0.905808     -11.117159   1.501091    
6.640000     0.904068     -0.121967    1.356412     0.922832     -10.961805   1.345736    
6.650000     0.917042     -0.112661    1.238766     0.937994     -10.823255   1.207187    
6.660000     0.928853     -0.103213    1.123762     0.951447     -10.700115   1.084047    
6.670000     0.939525     -0.093638    1.011080     0.963323     -10.591205   0.975137    
6.680000     0.949081     -0.083951    0.900428     0.973730     -10.495529   0.879461    
6.690000     0.957539     -0.074168    0.791539     0.982763     -10.412247   0.796179    
6.700000     0.964917     -0.064300    0.684167     0.990499     -10.340654   0.724586    
6.710000     0.971227     -0.054362    0.578080     0.997002     -10.280163   0.664095    
6.720000     0.976482     -0.044364    0.473063     1.002327     -10.230292   0.614224    
6.730000     0.980691     -0.034319    0.368911     1.006515     -10.190652   0.574584    
6.740000     0.983862     -0.024237    0.265428     1.009600     -10.160940   0.544872    
6.750000     0.986001     -0.014131    0.162422     1.011607     -10.140933   0.524865    
6.760000     0.987112     -0.004009    0.059711     1.012551     -10.130481   0.514413    
6.770000     0.987196     0.006117     -0.042890    1.012442     -10.129507   0.513439    
6.780000     0.986254     0.016236     -0.145560    1.011279     -10.138004   0.521936    
6.790000     0.984284     0.026339     -0.248481    1.009055     -10.156035   0.539967    
6.800000     0.981283     0.036414     -0.351838    1.005754     -10.183734   0.567666    
6.810000     0.977245     0.046450     -0.455819    1.001354     -10.221308   0.605240    
6.820000     0.972164     0.056437     -0.560619    0.995821     -10.269045   0.652977    
6.830000     0.966029     0.066363     -0.666440    0.989115     -10.327314   0.711246    
6.840000     0.958831     0.076215     -0.773497    0.981183     -10.396577   0.780509    
6.850000     0.950554     0.085982     -0.882016    0.971962     -10.477400   0.861332    
6.860000     0.941185     0.095650     -0.992240    0.961377     -10.570461   0.954393    
6.870000     0.930703     0.105205     -1.104432    0.949335     -10.676571   1.060503    
6.880000     0.919089     0.114632     -1.218876    0.935730     -10.796693   1.180624    
6.890000     0.906317     0.123914     -1.335886    0.920435     -10.931964   1.315896    
6.900000     0.892361     0.133034     -1.455810    0.903298     -11.083734   1.467665    
6.910000     0.877190     0.141973     -1.579035    0.884142     -11.253598   1.637529    
6.920000     0.860768     0.150710     -1.705998    0.862754     -11.443454   1.827386    
6.930000     0.843056     0.159220     -1.837192    0.838881     -11.655566   2.039498    
6.940000     0.824008     0.167478     -1.973184    0.812220     -11.892647   2.276579    
6.950000     0.803574     0.175454     -2.114629    0.782406     -12.157975   2.541907    
6.960000     0.781695     0.183114     -2.262287    0.748993     -12.455535   2.839467    
6.970000     0.758304     0.190420     -2.417056    0.711436     -12.790219   3.174151    
6.980000     0.733326     0.197327     -2.580003    0.669057     -13.168094   3.552026    
6.990000     0.706673     0.203782     -2.752411    0.621006     -13.596777   3.980709    
7.000000     0.678242     0.209724     -2.935848    0.566202     -14.085961   4.469893    
7.010000     0.647913     0.215079     -3.132247    0.503247     -14.648182   5.032114    
7.020000     0.615545     0.219756     -3.344041    0.430297     -15.299951   5.683883    
7.030000     0.580970     0.223644     -3.574341    0.344875     -16.063494   6.447425    
7.040000     0.543983     0.226601     -3.827209    0.243559     -16.969495   7.353426    
7.050000     0.504333     0.228446     -4.108085    0.121479     -18.061627   8.445559    
7.060000     0.461704     0.228938     -4.424458    -0.028555    -19.404391   9.788322    
7.070000     0.415691     0.227745     -4.787011    -0.217657    -21.097491   11.481423   
7.080000     0.365758     0.224395     -5.211630    -0.464031    -23.304277   13.688209   
7.090000     0.311170     0.218170     -5.723215    -0.799854    -26.313547   16.697479   
7.100000     0.250868     0.207897     -6.363377    -1.288271    -30.692175   21.076107   
7.110000     0.183231     0.191438     -7.207011    -2.073648    -37.736579   28.120511   
7.120000     0.105595     0.164133     -8.392979    -3.578030    -51.238262   41.622196   
7.130000     0.013956     0.111838     -9.906514    -7.751343    -88.727183   79.111172   
7.140000     -0.048764    -0.027658    4.955990     -17.690142   -178.375001  168.751484  
7.150000     0.043417     -0.131707    9.521218     -5.857169    -72.108939   62.480010   
7.160000     0.130709     -0.173259    8.006568     -2.964589    -46.075913   36.446964   
7.170000     0.205103     -0.196205    6.935775     -1.760677    -35.231429   25.602480   
7.180000     0.270398     -0.210190    6.160203     -1.091352    -29.198527   19.569577   
7.190000     0.328892     -0.218811    5.561900     -0.660676    -25.314561   15.685611   
7.200000     0.382014     -0.223825    5.077936     -0.358250    -22.585837   12.956887   
7.210000     0.430712     -0.226231    4.672618     -0.133222    -20.554506   10.925556   
7.220000     0.475655     -0.226657    4.324169     0.041227     -18.979019   9.350069    
7.230000     0.517337     -0.225523    4.018464     0.180649     -17.719294   8.090343    
7.240000     0.556135     -0.223128    3.745883     0.294714     -16.688197   7.059247    
7.250000     0.592342     -0.219692    3.499607     0.389770     -15.828534   6.199583    
7.260000     0.626198     -0.215381    3.274641     0.470164     -15.101115   5.472165    
7.270000     0.657894     -0.210327    3.067228     0.538980     -14.478143   4.849193    
7.280000     0.687591     -0.204633    2.874469     0.598469     -13.939320   4.310369    
7.290000     0.715424     -0.198383    2.694089     0.650314     -13.469463   3.840513    
7.300000     0.741508     -0.191648    2.524267     0.695802     -13.056982   3.428031    
7.310000     0.765940     -0.184485    2.363523     0.735930     -12.692866   3.063916    
7.320000     0.788804     -0.176944    2.210639     0.771487     -12.370008   2.741058    
7.330000     0.810175     -0.169068    2.064600     0.803102     -12.082723   2.453773    
7.340000     0.830116     -0.160894    1.924549     0.831286     -11.826413   2.197463    
7.350000     0.848684     -0.152453    1.789757     0.856454     -11.597323   1.968373    
7.360000     0.865927     -0.143773    1.659597     0.878950     -11.392357   1.763407    
7.370000     0.881889     -0.134882    1.533522     0.899056     -11.208946   1.579996    
7.380000     0.896609     -0.125799    1.411055     0.917013     -11.044944   1.415994    
7.390000     0.910121     -0.116548    1.291774     0.933017     -10.898551   1.269601    
7.400000     0.922454     -0.107145    1.175304     0.947238     -10.768250   1.139300    
7.410000     0.933635     -0.097608    1.061306     0.959818     -10.652760   1.023810    
7.420000     0.943688     -0.087954    0.949474     0.970874     -10.551000   0.922049    
7.430000     0.952631     -0.078196    0.839530     0.980510     -10.462056   0.833106    
7.440000     0.960484     -0.068348    0.731217     0.988809     -10.385161   0.756210    
7.450000     0.967260     -0.058424    0.624294     0.995842     -10.319673   0.690723    
7.460000     0.972973     -0.048435    0.518540     1.001668     -10.265062   0.636112    
7.470000     0.977634     -0.038394    0.413744     1.006334     -10.220896   0.591946    
7.480000     0.981251     -0.028312    0.309702     1.009878     -10.186835   0.557885    
7.490000     0.983830     -0.018200    0.206223     1.012328     -10.162618   0.533668    
7.500000     0.985377     -0.008069    0.103118     1.013704     -10.148065   0.519114    
7.510000     0.985893     0.002070     0.000203     1.014017     -10.143066   0.514115    
7.520000     0.985381     0.012208     -0.102706    1.013272     -10.147584   0.518634    
7.530000     0.983838     0.022332     -0.205790    1.011463     -10.161654   0.532704    
7.540000     0.981264     0.032433     -0.309233    1.008580     -10.185379   0.556429    
7.550000     0.977652     0.042500     -0.413224    1.004601     -10.218939   0.589988    
7.560000     0.972997     0.052521     -0.517955    0.999498     -10.262587   0.633637    
7.570000     0.967290     0.062486     -0.623627    0.993233     -10.316661   0.687711    
7.580000     0.960520     0.072382     -0.730451    0.985758     -10.381589   0.752639    
7.590000     0.952676     0.082197     -0.838649    0.977014     -10.457894   0.828944    
7.600000     0.943742     0.091918     -0.948458    0.966929     -10.546213   0.917263    
7.610000     0.933701     0.101531     -1.060135    0.955419     -10.647306   1.018356    
7.620000     0.922532     0.111021     -1.173956    0.942382     -10.762079   1.133129    
7.630000     0.910213     0.120373     -1.290226    0.927699     -10.891605   1.262654    
7.640000     0.896718     0.129569     -1.409280    0.911226     -11.037152   1.408202    
7.650000     0.882017     0.138591     -1.531491    0.892796     -11.200225   1.571274    
7.660000     0.866077     0.147418     -1.657277    0.872209     -11.382608   1.753658    
7.670000     0.848858     0.156027     -1.787113    0.849228     -11.586430   1.957479    
7.680000     0.830319     0.164394     -1.921537    0.823568     -11.814234   2.185284    
7.690000     0.810410     0.172489     -2.061172    0.794886     -12.069087   2.440136    
7.700000     0.789076     0.180280     -2.206739    0.762768     -12.354707   2.725757    
7.710000     0.766253     0.187731     -2.359087    0.726704     -12.675645   3.046695    
7.720000     0.741868     0.194799     -2.519217    0.686068     -13.037522   3.408572    
7.730000     0.715838     0.201434     -2.688334    0.640074     -13.447367   3.818416    
7.740000     0.688067     0.207579     -2.867896    0.587729     -13.914076   4.285126    
7.750000     0.658440     0.213163     -3.059699    0.527757     -14.449092   4.820142    
7.760000     0.626825     0.218103     -3.265985    0.458486     -15.067385   5.438435    
7.770000     0.593062     0.222295     -3.489605    0.377685     -15.788944   6.159994    
7.780000     0.556962     0.225608     -3.734251    0.282305     -16.641115   7.012164    
7.790000     0.518291     0.227878     -4.004825    0.168052     -17.662381   8.033431    
7.800000     0.476758     0.228886     -4.308003    0.028673     -18.908807   9.279857    
7.810000     0.431992     0.228337     -4.653188    -0.145332    -20.465591   10.836641   
7.820000     0.383509     0.225814     -5.054146    -0.369188    -22.469295   12.840345   
7.830000     0.330654     0.220702     -5.532033    -0.669037    -25.154448   15.525498   
7.840000     0.272499     0.212022     -6.121373    -1.094138    -28.963122   19.334172   
7.850000     0.207658     0.198064     -6.882709    -1.750501    -34.846919   25.217969   
7.860000     0.133905     0.175367     -7.929006    -2.918279    -45.321696   35.692747   
7.870000     0.047564     0.134826     -9.411898    -5.661060    -69.944644   60.315711   
7.880000     -0.046104    0.036153     -6.151082    -16.860309   -170.681613  161.052904  
7.890000     0.009457     -0.107768    9.988195     -8.113305    -92.436634   82.794884   
7.900000     0.102110     -0.161774    8.482371     -3.648444    -52.272702   42.630876   
7.910000     0.180475     -0.189445    7.266012     -2.087952    -38.219068   28.577240   
7.920000     0.248606     -0.205941    6.404663     -1.284354    -30.976464   21.334635   
7.930000     0.309261     -0.216132    5.753511     -0.788435    -26.504090   16.862261   
7.940000     0.364113     -0.222224    5.234525     -0.449178    -23.442837   13.801008   
7.950000     0.414247     -0.225416    4.804588     -0.201206    -21.204105   11.562276   
7.960000     0.460415     -0.226440    4.438022     -0.011431    -19.489915   9.848086    
7.970000     0.503164     -0.225776    4.118501     0.138771     -18.132481   8.490652    
7.980000     0.542905     -0.223758    3.835078     0.260731     -17.029730   7.387901    
7.990000     0.579960     -0.220631    3.580096     0.361755     -16.115805   6.473976    
8.000000     0.614583     -0.216577    3.348005     0.446781     -15.346204   5.704374    
8.010000     0.646982     -0.211737    3.134665     0.519271     -14.689713   5.047884    
8.020000     0.677328     -0.206224    2.936912     0.581727     -14.123758   4.481929    
8.030000     0.705764     -0.200130    2.752273     0.636008     -13.631586   3.989757    
8.040000     0.732411     -0.193527    2.578783     0.683523     -13.200492   3.558663    
8.050000     0.757372     -0.186478    2.414854     0.725358     -12.820662   3.178833    
8.060000     0.780735     -0.179036    2.259184     0.762369     -12.484389   2.842560    
8.070000     0.802579     -0.171244    2.110692     0.795235     -12.185539   2.543709    
8.080000     0.822970     -0.163143    1.968469     0.824503     -11.919168   2.277338    
8.090000     0.841967     -0.154765    1.831745     0.850619     -11.681251   2.039422    
8.100000     0.859621     -0.146140    1.699858     0.873950     -11.468483   1.826654    
8.110000     0.875978     -0.137294    1.572236     0.894799     -11.278125   1.636296    
8.120000     0.891078     -0.128251    1.448378     0.913418     -11.107895   1.466066    
8.130000     0.904957     -0.119033    1.327844     0.930018     -10.955882   1.314052    
8.140000     0.917645     -0.109657    1.210243     0.944779     -10.820476   1.178647    
8.150000     0.929170     -0.100143    1.095222     0.957849     -10.700322   1.058493    
8.160000     0.939557     -0.090505    0.982467     0.969356     -10.594275   0.952445    
8.170000     0.948826     -0.080760    0.871687     0.979405     -10.501366   0.859537    
8.180000     0.956996     -0.070922    0.762619     0.988088     -10.420782   0.778953    
8.190000     0.964084     -0.061003    0.655017     0.995479     -10.351842   0.710013    
8.200000     0.970101     -0.051016    0.548652     1.001641     -10.293981   0.652152    
8.210000     0.975060     -0.040974    0.443307     1.006624     -10.246736   0.604907    
8.220000     0.978970     -0.030888    0.338779     1.010470     -10.209739   0.567910    
8.230000     0.981838     -0.020768    0.234869     1.013208     -10.182706   0.540877    
8.240000     0.983669     -0.010627    0.131387     1.014861     -10.165432   0.523603    
8.250000     0.984466     -0.000475    0.028147     1.015444     -10.157788   0.515959    
8.260000     0.984232     0.009678     -0.075035    1.014961     -10.159718   0.517888    
8.270000     0.982965     0.019821     -0.178344    1.013412     -10.171234   0.529405    
8.280000     0.980664     0.029943     -0.281963    1.010785     -10.192424   0.550595    
8.290000     0.977324     0.040033     -0.386081    1.007063     -10.223447   0.581618    
8.300000     0.972940     0.050080     -0.490891    1.002219     -10.264538   0.622709    
8.310000     0.967503     0.060074     -0.596592    0.996218     -10.316015   0.674186    
8.320000     0.961004     0.070001     -0.703394    0.989012     -10.378283   0.736454    
8.330000     0.953431     0.079850     -0.811516    0.980547     -10.451845   0.810015    
8.340000     0.944769     0.089607     -0.921195    0.970753     -10.537310   0.895481    
8.350000     0.935001     0.099260     -1.032681    0.959549     -10.635411   0.993582    
8.360000     0.924108     0.108793     -1.146249    0.946836     -10.747022   1.105193    
8.370000     0.912068     0.118191     -1.262198    0.932499     -10.873178   1.231349    
8.380000     0.898855     0.127437     -1.380856    0.916400     -11.015105   1.373276    
8.390000     0.884441     0.136513     -1.502589    0.898376     -11.174256   1.532427    
8.400000     0.868792     0.145398     -1.627806    0.878235     -11.352354   1.710525    
8.410000     0.851872     0.154070     -1.756969    0.855748     -11.551452   1.909623    
8.420000     0.833638     0.162504     -1.890605    0.830639     -11.774004   2.132174    
8.430000     0.814043     0.170673     -2.029318    0.802580     -12.022961   2.381132    
8.440000     0.793032     0.178544     -2.173808    0.771169     -12.301900   2.660071    
8.450000     0.770544     0.186083     -2.324896    0.735920     -12.615189   2.973359    
8.460000     0.746509     0.193248     -2.483552    0.696230     -12.968211   3.326382    
8.470000     0.720844     0.199991     -2.650935    0.651349     -13.367684   3.725855    
8.480000     0.693457     0.206255     -2.828448    0.600330     -13.822087   4.180258    
8.490000     0.664236     0.211973     -3.017814    0.541959     -14.342290   4.700461    
8.500000     0.633054     0.217064     -3.221175    0.474655     -14.942463   5.300634    
8.510000     0.599757     0.221429     -3.441245    0.396313     -15.641446   5.999617    
8.520000     0.564162     0.224944     -3.681527    0.304071     -16.464880   6.823051    
8.530000     0.526044     0.227451     -3.946644    0.193928     -17.448634   7.806805    
8.540000     0.485125     0.228744     -4.242862    0.060095     -18.644574   9.002745    
8.550000     0.441054     0.228546     -4.578939    -0.106139    -20.130805   10.488976   
8.560000     0.393372     0.226468     -4.967593    -0.318576    -22.031065   12.389236   
8.570000     0.341464     0.221944     -5.428163    -0.600551    -24.554637   14.912808   
8.580000     0.284467     0.214087     -5.991802    -0.995125    -28.087810   18.445981   
8.590000     0.221109     0.201379     -6.712323    -1.592155    -33.436948   23.795119   
8.600000     0.149375     0.180860     -7.689375    -2.617665    -42.631159   32.989331   
8.610000     0.065907     0.145237     -9.085828    -4.854116    -62.699175   53.057355   
8.620000     -0.030517    0.065954     -9.055056    -13.188361   -137.605179  127.963451  
8.630000     -0.010408    -0.089751    9.962292     -10.138931   -110.677116  101.022592  
8.640000     0.085001     -0.153999    8.783371     -4.152581    -56.850471   47.195771   
8.650000     0.165878     -0.185001    7.473400     -2.308503    -40.245150   30.590445   
8.660000     0.235773     -0.203149    6.555183     -1.408240    -32.131487   22.476781   
8.670000     0.297749     -0.214332    5.869657     -0.867844    -27.257716   17.603010   
8.680000     0.353643     -0.221086    5.328279     -0.504327    -23.977159   14.322453   
8.690000     0.404632     -0.224750    4.882804     -0.241597    -21.604776   11.950071   
8.700000     0.451523     -0.226127    4.504911     -0.042139    -19.802706   10.148001   
8.710000     0.494896     -0.225734    4.176810     0.114783     -18.384165   8.729460    
8.720000     0.535185     -0.223931    3.886688     0.241608     -17.237064   7.582358    
8.730000     0.572728     -0.220976    3.626343     0.346274     -16.289840   6.635135    
8.740000     0.607792     -0.217061    3.389871     0.434103     -15.494542   5.839837    
8.750000     0.640591     -0.212337    3.172892     0.508798     -14.817765   5.163060    
8.760000     0.671303     -0.206920    2.972070     0.573024     -14.235484   4.580778    
8.770000     0.700077     -0.200905    2.784812     0.628747     -13.729956   4.075251    
8.780000     0.727038     -0.194369    2.609063     0.677454     -13.287782   3.633077    
8.790000     0.752291     -0.187375    2.443167     0.720286     -12.898643   3.243938    
8.800000     0.775929     -0.179980    2.285769     0.758140     -12.554464   2.899758    
8.810000     0.798031     -0.172227    2.135749     0.791725     -12.248832   2.594127    
8.820000     0.818666     -0.164157    1.992167     0.821612     -11.976593   2.321888    
8.830000     0.837893     -0.155805    1.854226     0.848265     -11.733560   2.078854    
8.840000     0.855767     -0.147202    1.721244     0.872065     -11.516295   1.861590    
8.850000     0.872333     -0.138373    1.592632     0.893326     -11.321960   1.667255    
8.860000     0.887632     -0.129343    1.467876     0.912310     -11.148190   1.493485    
8.870000     0.901702     -0.120133    1.346524     0.929234     -10.993007   1.338302    
8.880000     0.914573     -0.110764    1.228175     0.944284     -10.854748   1.200043    
8.890000     0.926274     -0.101253    1.112469     0.957614     -10.732012   1.077306    
8.900000     0.936830     -0.091617    0.999084     0.969355     -10.623615   0.968909    
8.910000     0.946262     -0.081871    0.887725     0.979618     -10.528558   0.873853    
8.920000     0.954590     -0.072029    0.778122     0.988494     -10.446002   0.791297    
8.930000     0.961830     -0.062106    0.670025     0.996062     -10.375242   0.720537    
8.940000     0.967995     -0.052112    0.563203     1.002386     -10.315693   0.660987    
8.950000     0.973098     -0.042062    0.457435     1.007519     -10.266876   0.612170    
8.960000     0.977147     -0.031966    0.352514     1.011502     -10.228407   0.573702    
8.970000     0.980150     -0.021836    0.248241     1.014369     -10.199990   0.545284    
8.980000     0.982113     -0.011682    0.144423     1.016143     -10.181408   0.526702    
8.990000     0.983039     -0.001516    0.040871     1.016839     -10.172521   0.517816    
9.000000     0.982931     0.008651     -0.062599    1.016463     -10.173263   0.518558    
9.010000     0.981787     0.018809     -0.166173    1.015015     -10.183640   0.528935    
9.020000     0.979606     0.028948     -0.270036    1.012486     -10.203729   0.549024    
9.030000     0.976385     0.039055     -0.374378    1.008858     -10.233681   0.578976    
9.040000     0.972116     0.049121     -0.479391    1.004104     -10.273726   0.619020    
9.050000     0.966794     0.059134     -0.585276    0.998191     -10.324172   0.669466    
9.060000     0.960407     0.069081     -0.692242    0.991073     -10.385417   0.730712    
9.070000     0.952945     0.078951     -0.800509    0.982694     -10.457957   0.803252    
9.080000     0.944392     0.088731     -0.910313    0.972988     -10.542393   0.887688    
9.090000     0.934733     0.098406     -1.021906    0.961872     -10.639450   0.984745    
9.100000     0.923947     0.107963     -1.135560    0.949249     -10.749991   1.095285    
9.110000     0.912013     0.117386     -1.251573    0.935006     -10.875040   1.220335    
9.120000     0.898907     0.126657     -1.370272    0.919005     -11.015814   1.361108    
9.130000     0.884598     0.135759     -1.492023    0.901086     -11.173749   1.519044    
9.140000     0.869055     0.144672     -1.617232    0.881057     -11.350555   1.695850    
9.150000     0.852240     0.153373     -1.746358    0.858691     -11.548264   1.893559    
9.160000     0.834113     0.161837     -1.879926    0.833716     -11.769307   2.114602    
9.170000     0.814625     0.170037     -2.018535    0.805805     -12.016607   2.361902    
9.180000     0.793723     0.177942     -2.162881    0.774562     -12.293704   2.638999    
9.190000     0.771345     0.185516     -2.313778    0.739503     -12.604921   2.950216    
9.200000     0.747422     0.192717     -2.472187    0.700034     -12.955584   3.300879    
9.210000     0.721873     0.199499     -2.639259    0.655412     -13.352333   3.697627    
9.220000     0.694604     0.205805     -2.816383    0.604701     -13.803545   4.148840    
9.230000     0.665506     0.211569     -3.005264    0.546703     -14.319952   4.665246    
9.240000     0.634452     0.216710     -3.208019    0.479855     -14.915528   5.260823    
9.250000     0.601291     0.221130     -3.427330    0.402085     -15.608837   5.954132    
9.260000     0.565839     0.224706     -3.666654    0.310575     -16.425110   6.770405    
9.270000     0.527876     0.227283     -3.930549    0.201391     -17.399591   7.744885    
9.280000     0.487126     0.228656     -4.225180    0.068854     -18.583147   8.928442    
9.290000     0.443241     0.228554     -4.559153    -0.095564    -20.052210   10.397505   
9.300000     0.395771     0.226595     -4.944937    -0.305334    -21.927521   12.272816   
9.310000     0.344108     0.222222     -5.401443    -0.583151    -24.412533   14.757827   
9.320000     0.287407     0.214570     -5.959036    -0.970674    -27.880865   18.226160   
9.330000     0.224421     0.202167     -6.669967    -1.554201    -33.106702   23.451996   
9.340000     0.153184     0.182159     -7.630725    -2.548264    -42.015513   32.360809   
9.350000     0.070422     0.147634     -9.003434    -4.679805    -61.135895   51.481197   
9.360000     -0.025890    0.072364     -9.393283    -12.356462   -130.112531  120.457959  
9.370000     -0.015377    -0.084493    9.869630     -10.776624   -116.439955  106.772601  
9.380000     0.080601     -0.151837    8.863516     -4.294992    -58.172004   48.504431   
9.390000     0.162149     -0.183749    7.528396     -2.366398    -40.805868   31.138290   
9.400000     0.232507     -0.202319    6.594365     -1.438836    -32.445530   22.777952   
9.410000     0.294824     -0.213740    5.899300     -0.886256    -27.461174   17.793595   
9.420000     0.350981     -0.220642    5.351711     -0.516231    -24.121233   14.453654   
9.430000     0.402182     -0.224405    4.901912     -0.249609    -21.713101   12.045523   
9.440000     0.449247     -0.225848    4.520849     -0.047633    -19.887750   10.220171   
9.450000     0.492766     -0.225501    4.190325     0.111010     -18.453154   8.785575    
9.460000     0.533181     -0.223729    3.898291     0.239063     -17.294489   7.626911    
9.470000     0.570832     -0.220795    3.636395     0.344636     -16.338651   6.671072    
9.480000     0.605989     -0.216893    3.398638     0.433150     -15.536758   5.869179    
9.490000     0.638871     -0.212176    3.180572     0.508374     -14.854819   5.187241    
9.500000     0.669655     -0.206761    2.978816     0.573016     -14.268426   4.600847    
9.510000     0.698493     -0.200744    2.790745     0.629069     -13.759572   4.091993    
9.520000     0.725509     -0.194203    2.614278     0.678041     -13.314673   3.647095    
9.530000     0.750811     -0.187203    2.447741     0.721089     -12.923280   3.255702    
9.540000     0.774492     -0.179798    2.289765     0.759117     -12.577221   2.909642    
9.550000     0.796631     -0.172035    2.139219     0.792845     -12.270010   2.602431    
9.560000     0.817298     -0.163954    1.995154     0.822849     -11.996439   2.328860    
9.570000     0.836553     -0.155589    1.856766     0.849598     -11.752276   2.084698    
9.580000     0.854450     -0.146971    1.723367     0.873475     -11.534054   1.866476    
9.590000     0.871035     -0.138128    1.594363     0.894797     -11.338907   1.671328    
9.600000     0.886350     -0.129083    1.469237     0.913829     -11.164449   1.496871    
9.610000     0.900431     -0.119858    1.347533     0.930791     -11.008687   1.341108    
9.620000     0.913311     -0.110473    1.228847     0.945867     -10.869944   1.202365    
9.630000     0.925017     -0.100947    1.112818     0.959215     -10.746807   1.079229    
9.640000     0.935575     -0.091294    0.999119     0.970966     -10.638086   0.970507    
9.650000     0.945006     -0.081532    0.887456     0.981231     -10.542775   0.875196    
9.660000     0.953330     -0.071674    0.777555     0.990103     -10.460027   0.792448    
9.670000     0.960562     -0.061734    0.669166     0.997660     -10.389134   0.721555    
9.680000     0.966718     -0.051725    0.562056     1.003968     -10.329507   0.661929    
9.690000     0.971807     -0.041659    0.456002     1.009078     -10.280667   0.613088    
9.700000     0.975840     -0.031548    0.350797     1.013033     -10.242226   0.574648    
9.710000     0.978825     -0.021402    0.246240     1.015867     -10.213888   0.546309    
9.720000     0.980767     -0.011234    0.142136     1.017601     -10.195436   0.527857    
9.730000     0.981669     -0.001054    0.038297     1.018251     -10.186730   0.519151    
9.740000     0.981533     0.009128     -0.065464    1.017824     -10.187705   0.520126    
9.750000     0.980359     0.019299     -0.169335    1.016319     -10.198368   0.530789    
9.760000     0.978145     0.029450     -0.273500    1.013726     -10.218800   0.551221    
9.770000     0.974887     0.039570     -0.378152    1.010027     -10.249155   0.581576    
9.780000     0.970580     0.049647     -0.483484    1.005195     -10.289665   0.622087    
9.790000     0.965215     0.059670     -0.589698    0.999196     -10.340647   0.673068    
9.800000     0.958782     0.069627     -0.697006    0.991983     -10.402502   0.734924    
9.810000     0.951270     0.079505     -0.805630    0.983499     -10.475734   0.808156    
9.820000     0.942665     0.089292     -0.915807    0.973677     -10.560954   0.893375    
9.830000     0.932948     0.098974     -1.027792    0.962434     -10.658896   0.991318    
9.840000     0.922102     0.108536     -1.141859    0.949671     -10.770437   1.102859    
9.850000     0.910103     0.117962     -1.258311    0.935271     -10.896617   1.229039    
9.860000     0.896927     0.127236     -1.377478    0.919096     -11.038670   1.371092    
9.870000     0.882543     0.136338     -1.499729    0.900983     -11.198058   1.530479    
9.880000     0.866920     0.145248     -1.625477    0.880737     -11.376514   1.708936    
9.890000     0.850020     0.153944     -1.755186    0.858126     -11.576108   1.908530    
9.900000     0.831802     0.162402     -1.889388    0.832874     -11.799312   2.131733    
9.910000     0.812216     0.170592     -2.028692    0.804647     -12.049102   2.381524    
9.920000     0.791208     0.178483     -2.173804    0.773042     -12.329087   2.661509    
9.930000     0.768718     0.186040     -2.325551    0.737566     -12.643675   2.976096    
9.940000     0.744672     0.193220     -2.484913    0.697611     -12.998305   3.330726    
9.950000     0.718990     0.199975     -2.653059    0.652416     -13.399764   3.732185    
9.960000     0.691577     0.206248     -2.831408    0.601025     -13.856629   4.189050    
9.970000     0.662322     0.211971     -3.021698    0.542206     -14.379902   4.712323    
9.980000     0.631096     0.217062     -3.226097    0.474355     -14.983937   5.316359    
9.990000     0.597744     0.221421     -3.447352    0.395339     -15.687843   6.020264    
