# time       ekin         epot         x(t)         vx(t)        y(t)         vy(t)       
0.000000     -10.000000   0.500000     1.000000     0.000000     0.000000     1.000000    
0.010000     -10.004503   0.504503     0.999500     -0.100028    0.009998     0.999500    
0.020000     -10.018043   0.518043     0.997999     -0.200227    0.019987     0.997995    
0.030000     -10.040717   0.540717     0.995494     -0.300769    0.029955     0.995476    
0.040000     -10.072688   0.572689     0.991982     -0.401828    0.039893     0.991923    
0.050000     -10.114191   0.614191     0.987455     -0.503584    0.049790     0.987312    
0.060000     -10.165531   0.665531     0.981907     -0.606226    0.059635     0.981608    
0.070000     -10.227097   0.727098     0.975327     -0.709947    0.069418     0.974767    
0.080000     -10.299365   0.799367     0.967704     -0.814956    0.079127     0.966737    
0.090000     -10.382912   0.882914     0.959023     -0.921472    0.088749     0.957454    
0.100000     -10.478424   0.978427     0.949269     -1.029731    0.098272     0.946841    
0.110000     -10.586717   1.086720     0.938422     -1.139988    0.107681     0.934808    
0.120000     -10.708755   1.208758     0.926462     -1.252524    0.116963     0.921249    
0.130000     -10.845672   1.345677     0.913363     -1.367645    0.126101     0.906035    
0.140000     -10.998812   1.498817     0.899099     -1.485691    0.135077     0.889020    
0.150000     -11.169758   1.669765     0.883638     -1.607042    0.143874     0.870025    
0.160000     -11.360392   1.860400     0.866946     -1.732127    0.152471     0.848843    
0.170000     -11.572953   2.072962     0.848982     -1.861432    0.160843     0.825225    
0.180000     -11.810121   2.310133     0.829701     -1.995512    0.168966     0.798873    
0.190000     -12.075130   2.575144     0.809054     -2.135010    0.176811     0.769427    
0.200000     -12.371906   2.871923     0.786981     -2.280677    0.184343     0.736451    
0.210000     -12.705263   3.205284     0.763417     -2.433391    0.191526     0.699411    
0.220000     -13.081165   3.581191     0.738286     -2.594203    0.198316     0.657643    
0.230000     -13.507088   4.007120     0.711502     -2.764372    0.204661     0.610317    
0.240000     -13.992532   4.492572     0.682963     -2.945435    0.210500     0.556377    
0.250000     -14.549765   5.049816     0.652551     -3.139290    0.215762     0.494460    
0.260000     -15.194917   5.694982     0.620127     -3.348317    0.220357     0.422774    
0.270000     -15.949657   6.449742     0.585525     -3.575559    0.224177     0.338911    
0.280000     -16.843832   7.343945     0.548543     -3.824984    0.227085     0.239553    
0.290000     -17.919805   8.419960     0.508935     -4.101893    0.228902     0.119993    
0.300000     -19.239932   9.740151     0.466391     -4.413569    0.229395     -0.026698   
0.310000     -20.900199   11.400522    0.420515     -4.770371    0.228244     -0.211190   
0.320000     -23.057020   13.557525    0.370785     -5.187655    0.224991     -0.450867   
0.330000     -25.984953   16.485807    0.316485     -5.689380    0.218947     -0.776251   
0.340000     -30.217512   20.719132    0.256590     -6.315386    0.208994     -1.246660   
0.350000     -36.956345   27.460014    0.189539     -7.137015    0.193116     -1.995756   
0.360000     -49.625617   40.136958    0.112775     -8.287439    0.166996     -3.404744   
0.370000     -83.253473   73.815283    0.022290     -9.823003    0.118029     -7.151167   
0.380000     -185.756405  174.933785   -0.052382    2.150804     -0.012420    -18.580678  
0.390000     -75.738258   66.285537    0.033177     9.509966     -0.127797    -6.490887   
0.400000     -47.269283   37.778754    0.120728     8.044580     -0.173723    -3.292755   
0.410000     -35.808913   26.312149    0.195499     6.973628     -0.199415    -1.998201   
0.420000     -29.531809   20.033281    0.261166     6.197822     -0.215533    -1.285908   
0.430000     -25.525356   16.026147    0.320038     5.600385     -0.225959    -0.829448   
0.440000     -22.725731   13.226205    0.373550     5.117912     -0.232565    -0.509300   
0.450000     -20.649166   11.149472    0.422655     4.714393     -0.236412    -0.270999   
0.460000     -19.042689   9.542897     0.468025     4.367882     -0.238160    -0.086010   
0.470000     -17.760523   8.260671     0.510154     4.064171     -0.238253    0.062136    
0.480000     -16.712434   7.212543     0.549418     3.793594     -0.237005    0.183649    
0.490000     -15.839408   6.339490     0.586112     3.549314     -0.234646    0.285216    
0.500000     -15.101135   5.601198     0.620474     3.326327     -0.231351    0.371411    
0.510000     -14.469089   4.969139     0.652696     3.120870     -0.227257    0.445474    
0.520000     -13.922485   4.422524     0.682940     2.930048     -0.222474    0.509769    
0.530000     -13.445800   3.945831     0.711338     2.751588     -0.217088    0.566063    
0.540000     -13.027199   3.527224     0.738006     2.583671     -0.211174    0.615706    
0.550000     -12.657494   3.157515     0.763041     2.424822     -0.204793    0.659747    
0.560000     -12.329442   2.829459     0.786529     2.273829     -0.197995    0.699012    
0.570000     -12.037255   2.537269     0.808541     2.129681     -0.190826    0.734164    
0.580000     -11.776252   2.276264     0.829142     1.991525     -0.183324    0.765739    
0.590000     -11.542613   2.042623     0.848389     1.858637     -0.175522    0.794175    
0.600000     -11.333187   1.833194     0.866330     1.730393     -0.167449    0.819834    
0.610000     -11.145358   1.645364     0.883010     1.606254     -0.159133    0.843016    
0.620000     -10.976940   1.476946     0.898467     1.485746     -0.150596    0.863974    
0.630000     -10.826098   1.326102     0.912735     1.368452     -0.141860    0.882919    
0.640000     -10.691281   1.191285     0.925845     1.254000     -0.132944    0.900029    
0.650000     -10.571179   1.071182     0.937824     1.142060     -0.123865    0.915458    
0.660000     -10.464681   0.964683     0.948694     1.032329     -0.114640    0.929334    
0.670000     -10.370843   0.870845     0.958477     0.924535     -0.105283    0.941767    
0.680000     -10.288871   0.788872     0.967190     0.818426     -0.095809    0.952850    
0.690000     -10.218092   0.718093     0.974850     0.713769     -0.086230    0.962662    
0.700000     -10.157944   0.657945     0.981470     0.610349     -0.076560    0.971270    
0.710000     -10.107966   0.607966     0.987060     0.507960     -0.066809    0.978728    
0.720000     -10.067778   0.567779     0.991632     0.406410     -0.056989    0.985083    
0.730000     -10.037085   0.537085     0.995191     0.305513     -0.047111    0.990370    
0.740000     -10.015663   0.515664     0.997743     0.205090     -0.037185    0.994618    
0.750000     -10.003359   0.503359     0.999294     0.104967     -0.027222    0.997848    
0.760000     -10.000083   0.500083     0.999843     0.004973     -0.017231    1.000071    
0.770000     -10.005814   0.505814     0.999393     -0.095063    -0.007224    1.001295    
0.780000     -10.020591   0.520591     0.997941     -0.195312    0.002791     1.001517    
0.790000     -10.044521   0.544521     0.995485     -0.295945    0.012803     1.000729    
0.800000     -10.077775   0.577776     0.992020     -0.397140    0.022803     0.998915    
0.810000     -10.120598   0.620598     0.987540     -0.499077    0.032778     0.996052    
0.820000     -10.173306   0.673307     0.982036     -0.601945    0.042720     0.992107    
0.830000     -10.236300   0.736301     0.975497     -0.705941    0.052617     0.987041    
0.840000     -10.310069   0.810070     0.967913     -0.811276    0.062457     0.980802    
0.850000     -10.395203   0.895205     0.959267     -0.918173    0.072229     0.973328    
0.860000     -10.492405   0.992407     0.949543     -1.026870    0.081919     0.964548    
0.870000     -10.602510   1.102513     0.938723     -1.137630    0.091515     0.954371    
0.880000     -10.726503   1.226507     0.926783     -1.250736    0.101002     0.942695    
0.890000     -10.865547   1.365551     0.913699     -1.366501    0.110364     0.929396    
0.900000     -11.021013   1.521018     0.899443     -1.485275    0.119584     0.914327    
0.910000     -11.194523   1.694530     0.883982     -1.607446    0.128644     0.897317    
0.920000     -11.388004   1.888012     0.867281     -1.733454    0.137523     0.878158    
0.930000     -11.603747   2.103757     0.849299     -1.863797    0.146199     0.856606    
0.940000     -11.844504   2.344516     0.829989     -1.999050    0.154646     0.832366    
0.950000     -12.113592   2.613607     0.809300     -2.139874    0.162836     0.805080    
0.960000     -12.415046   2.915063     0.787171     -2.287042    0.170736     0.774316    
0.970000     -12.753818   3.253840     0.763535     -2.441467    0.178309     0.739539    
0.980000     -13.136056   3.636083     0.738314     -2.604236    0.185512     0.700087    
0.990000     -13.569475   4.069508     0.711418     -2.776658    0.192293     0.655126    
1.000000     -14.063904   4.563946     0.682744     -2.960332    0.198593     0.603594    
1.010000     -14.632062   5.132115     0.652168     -3.157241    0.204339     0.544114    
1.020000     -15.290719   5.790787     0.619547     -3.369877    0.209443     0.474869    
1.030000     -16.062473   6.562562     0.584708     -3.601438    0.213796     0.393406    
1.040000     -16.978572   7.478691     0.547442     -3.856108    0.217259     0.296331    
1.050000     -18.083568   8.583730     0.507491     -4.139504    0.219655     0.178795    
1.060000     -19.443398   9.943628     0.464532     -4.459386    0.220745     0.033614    
1.070000     -21.160278   11.660620    0.418147     -4.826865    0.220200     -0.150369   
1.080000     -23.402262   13.902802    0.367784     -5.258546    0.217550     -0.391526   
1.090000     -26.467892   16.968817    0.312680     -5.780617    0.212076     -0.722565   
1.100000     -30.947124   21.448912    0.251732     -6.437228    0.202597     -1.208274   
1.110000     -38.203027   28.707211    0.183234     -7.308843    0.186931     -1.998810   
1.120000     -52.291926   42.805653    0.104354     -8.547383    0.160252     -3.543099   
1.130000     -92.600221   83.180462    0.010795     -10.111177   0.107450     -8.007810   
1.140000     -168.651945  158.605946   -0.047158    5.670057     -0.035943    -16.883789  
1.150000     -69.589685   60.126123    0.043457     9.196092     -0.136971    -5.973620   
1.160000     -45.171112   35.679099    0.128237     7.816961     -0.180457    -3.202080   
1.170000     -34.749031   25.251900    0.201124     6.817829     -0.205828    -2.005244   
1.180000     -28.886058   19.387399    0.265461     6.084163     -0.222208    -1.325804   
1.190000     -25.087406   15.588140    0.323340     5.513453     -0.233106    -0.882106   
1.200000     -22.407550   12.907995    0.376079     5.049228     -0.240268    -0.566819   
1.210000     -20.406710   10.906999    0.424567     4.658887     -0.244698    -0.329800   
1.220000     -18.851387   9.351586     0.469433     4.322307     -0.247033    -0.144329   
1.230000     -17.605542   8.105684     0.511146     4.026331     -0.247703    0.005216    
1.240000     -16.584259   7.084363     0.550064     3.761939     -0.247015    0.128614    
1.250000     -15.731644   6.231723     0.586468     3.522708     -0.245195    0.232320    
1.260000     -15.009315   5.509376     0.620585     3.303915     -0.242418    0.320778    
1.270000     -14.389993   4.890041     0.652602     3.101991     -0.238820    0.397154    
1.280000     -13.853731   4.353769     0.682672     2.914182     -0.234507    0.463770    
1.290000     -13.385587   3.885617     0.710925     2.738315     -0.229571    0.522367    
1.300000     -12.974138   3.474163     0.737472     2.572650     -0.224082    0.574280    
1.310000     -12.610497   3.110517     0.762407     2.415771     -0.218104    0.620550    
1.320000     -12.287643   2.787660     0.785812     2.266511     -0.211687    0.662002    
1.330000     -11.999958   2.499972     0.807759     2.123895     -0.204877    0.699295    
1.340000     -11.742891   2.242903     0.828309     1.987099     -0.197713    0.732968    
1.350000     -11.512723   2.012732     0.847518     1.855422     -0.190228    0.763460    
1.360000     -11.306382   1.806389     0.865433     1.728261     -0.182453    0.791134    
1.370000     -11.121317   1.621323     0.882096     1.605089     -0.174414    0.816294    
1.380000     -10.955395   1.455400     0.897546     1.485447     -0.166135    0.839194    
1.390000     -10.806821   1.306825     0.911815     1.368929     -0.157637    0.860049    
1.400000     -10.674081   1.174085     0.924934     1.255172     -0.148940    0.879041    
1.410000     -10.555894   1.055897     0.936927     1.143852     -0.140062    0.896324    
1.420000     -10.451172   0.951174     0.947818     1.034673     -0.131019    0.912030    
1.430000     -10.358995   0.858996     0.957627     0.927369     -0.121826    0.926272    
1.440000     -10.278584   0.778585     0.966371     0.821692     -0.112498    0.939144    
1.450000     -10.209284   0.709285     0.974065     0.717414     -0.103047    0.950730    
1.460000     -10.150547   0.650548     0.980723     0.614321     -0.093487    0.961096    
1.470000     -10.101922   0.601923     0.986355     0.512211     -0.083829    0.970302    
1.480000     -10.063044   0.563044     0.990970     0.410894     -0.074085    0.978394    
1.490000     -10.033626   0.533626     0.994575     0.310185     -0.064265    0.985412    
1.500000     -10.013453   0.513454     0.997175     0.209907     -0.054380    0.991386    
1.510000     -10.002383   0.502383     0.998774     0.109886     -0.044440    0.996339    
1.520000     -10.000334   0.500334     0.999373     0.009952     -0.034457    1.000284    
1.530000     -10.007293   0.507293     0.998972     -0.090065    -0.024438    1.003232    
1.540000     -10.023309   0.523309     0.997571     -0.190337    -0.014395    1.005182    
1.550000     -10.048497   0.548498     0.995164     -0.291037    -0.004338    1.006128    
1.560000     -10.083040   0.583040     0.991748     -0.392340    0.005724     1.006056    
1.570000     -10.127188   0.627189     0.987315     -0.494431    0.015780     1.004946    
1.580000     -10.181273   0.681273     0.981856     -0.597499    0.025819     1.002767    
1.590000     -10.245703   0.745705     0.975361     -0.701745    0.035832     0.999482    
1.600000     -10.320983   0.820985     0.967817     -0.807380    0.045805     0.995042    
1.610000     -10.407717   0.907719     0.959208     -0.914630    0.055728     0.989388    
1.620000     -10.506625   1.006627     0.949518     -1.023741    0.065589     0.982450    
1.630000     -10.618560   1.118563     0.938726     -1.134977    0.075373     0.974143    
1.640000     -10.744531   1.244535     0.926810     -1.248627    0.085067     0.964365    
1.650000     -10.885726   1.385730     0.913745     -1.365013    0.094655     0.952996    
1.660000     -11.043548   1.543554     0.899500     -1.484490    0.104121     0.939893    
1.670000     -11.219659   1.719666     0.884043     -1.607457    0.113447     0.924886    
1.680000     -11.416028   1.916036     0.867338     -1.734364    0.122612     0.907774    
1.690000     -11.635006   2.135016     0.849341     -1.865725    0.131594     0.888313    
1.700000     -11.879413   2.379425     0.830007     -2.002130    0.140369     0.866213    
1.710000     -12.152654   2.652669     0.809280     -2.144261    0.148909     0.841119    
1.720000     -12.458876   2.958895     0.787100     -2.292917    0.157180     0.812601    
1.730000     -12.803178   3.303201     0.763397     -2.449041    0.165148     0.780127    
1.740000     -13.191893   3.691921     0.738091     -2.613760    0.172768     0.743034    
1.750000     -13.632991   4.133025     0.711089     -2.788435    0.179990     0.700487    
1.760000     -14.136639   4.636682     0.682284     -2.974730    0.186756     0.651417    
1.770000     -14.716031   5.216085     0.651549     -3.174715    0.192993     0.594434    
1.780000     -15.388607   5.888677     0.618736     -3.391002    0.198613     0.527696    
1.790000     -16.177950   6.678042     0.583664     -3.626947    0.203506     0.448706    
1.800000     -17.116788   7.616911     0.546117     -3.886967    0.207535     0.353987    
1.810000     -18.252007   8.752177     0.505826     -4.177014    0.210518     0.238548    
1.820000     -19.653397   10.153639    0.462451     -4.505360    0.212213     0.094934    
1.830000     -21.429920   11.930283    0.415554     -4.883926    0.212286     -0.088529   
1.840000     -23.762396   14.262974    0.364549     -5.330685    0.210249     -0.331286   
1.850000     -26.976079   17.477083    0.308623     -5.874295    0.205352     -0.668453   
1.860000     -31.725191   22.227172    0.246586     -6.563771    0.196343     -1.171004   
1.870000     -39.562932   30.067731    0.176575     -7.490095    0.180858     -2.008466   
1.880000     -55.334883   45.851694    0.095440     -8.826449    0.153460     -3.714455   
1.890000     -104.420154  95.019369    -0.001264    -10.322312   0.095759     -9.137210   
1.900000     -145.997424  136.441464   -0.038565    7.714196     -0.056606    -14.607331  
1.910000     -64.476432   55.004870    0.053148     8.892142     -0.145705    -5.562334   
1.920000     -43.290115   33.796910    0.135319     7.602925     -0.187215    -3.128793   
1.930000     -33.766743   24.269298    0.206421     6.668869     -0.212356    -2.016129   
1.940000     -28.276741   18.777967    0.269479     5.974072     -0.229015    -1.366162   
1.950000     -24.669553   15.170235    0.326390     5.428423     -0.240384    -0.934180   
1.960000     -22.101685   12.602103    0.378371     4.981522     -0.248093    -0.623417   
1.970000     -20.172383   10.672657    0.426248     4.603811     -0.253098    -0.387601   
1.980000     -18.665755   9.165944     0.470614     4.276824     -0.256009    -0.201663   
1.990000     -17.454685   7.954821     0.511911     3.988366     -0.257246    -0.050773   
2.000000     -16.459188   6.959288     0.550480     3.730018     -0.257109    0.074443    
2.010000     -15.626281   6.126357     0.586591     3.495745     -0.255821    0.180219    
2.020000     -14.919394   5.419453     0.620460     3.281087     -0.253554    0.270874    
2.030000     -14.312430   4.812477     0.652266     3.082661     -0.250443    0.349503    
2.040000     -13.786236   4.286273     0.682158     2.897844     -0.246596    0.418382    
2.050000     -13.326422   3.826452     0.710261     2.724563     -0.242102    0.479230    
2.060000     -12.921961   3.421985     0.736681     2.561150     -0.237034    0.533366    
2.070000     -12.564254   3.064273     0.761512     2.406248     -0.231453    0.581824    
2.080000     -12.246495   2.746511     0.784831     2.258731     -0.225413    0.625424    
2.090000     -11.963228   2.463241     0.806708     2.117661     -0.218959    0.664825    
2.100000     -11.710028   2.210039     0.827203     1.982243     -0.212129    0.700565    
2.110000     -11.483273   1.983282     0.846369     1.851797     -0.204958    0.733084    
2.120000     -11.279971   1.779978     0.864253     1.725738     -0.197477    0.762748    
2.130000     -11.097631   1.597637     0.880896     1.603556     -0.189712    0.789862    
2.140000     -10.934171   1.434176     0.896335     1.484803     -0.181687    0.814684    
2.150000     -10.787838   1.287842     0.910603     1.369085     -0.173425    0.837431    
2.160000     -10.657151   1.157154     0.923726     1.256046     -0.164945    0.858287    
2.170000     -10.540858   1.040860     0.935731     1.145371     -0.156265    0.877409    
2.180000     -10.437896   0.937898     0.946640     1.036770     -0.147402    0.894932    
2.190000     -10.347364   0.847366     0.956473     0.929982     -0.138371    0.910970    
2.200000     -10.268503   0.768504     0.965245     0.824763     -0.129187    0.925621    
2.210000     -10.200672   0.700673     0.972972     0.720888     -0.119863    0.938971    
2.220000     -10.143337   0.643338     0.979667     0.618148     -0.110411    0.951088    
2.230000     -10.096060   0.596060     0.985338     0.516343     -0.100845    0.962034    
2.240000     -10.058486   0.558486     0.989996     0.415285     -0.091174    0.971859    
2.250000     -10.030338   0.530338     0.993646     0.314790     -0.081411    0.980603    
2.260000     -10.011412   0.511412     0.996293     0.214683     -0.071566    0.988300    
2.270000     -10.001574   0.501574     0.997940     0.114791     -0.061649    0.994973    
2.280000     -10.000752   0.500752     0.998589     0.014944     -0.051670    1.000640    
2.290000     -10.008940   0.508940     0.998239     -0.085029    -0.041639    1.005311    
2.300000     -10.026198   0.526198     0.996887     -0.185298    -0.031567    1.008990    
2.310000     -10.052648   0.552648     0.994531     -0.286036    -0.021463    1.011672    
2.320000     -10.088482   0.588483     0.991165     -0.387423    -0.011337    1.013345    
2.330000     -10.133963   0.633964     0.986780     -0.489641    -0.001199    1.013992    
2.340000     -10.189431   0.689432     0.981368     -0.592883    0.008940     1.013585    
2.350000     -10.255308   0.755309     0.974918     -0.697351    0.019069     1.012087    
2.360000     -10.332110   0.832112     0.967417     -0.803259    0.029178     1.009454    
2.370000     -10.420457   0.920459     0.958848     -0.910838    0.039254     1.005630    
2.380000     -10.521086   1.021089     0.949193     -1.020336    0.049286     1.000546    
2.390000     -10.634870   1.134874     0.938434     -1.132022    0.059261     0.994120    
2.400000     -10.762841   1.262845     0.926545     -1.246191    0.069164     0.986254    
2.410000     -10.906213   1.406218     0.913501     -1.363172    0.078981     0.976831    
2.420000     -11.066423   1.566429     0.899271     -1.483327    0.088695     0.965712    
2.430000     -11.245169   1.745177     0.883822     -1.607065    0.098289     0.952730    
2.440000     -11.444471   1.944479     0.867116     -1.734850    0.107743     0.937686    
2.450000     -11.666735   2.166746     0.849110     -1.867207    0.117035     0.920342    
2.460000     -11.914855   2.414868     0.829755     -2.004744    0.126141     0.900410    
2.470000     -12.192327   2.692342     0.808996     -2.148164    0.135033     0.877540    
2.480000     -12.503413   3.003431     0.786770     -2.298292    0.143681     0.851304    
2.490000     -12.853360   3.353383     0.763005     -2.456103    0.152047     0.821172    
2.500000     -13.248700   3.748729     0.737618     -2.622766    0.160089     0.786482    
2.510000     -13.697663   4.197698     0.710516     -2.799694    0.167758     0.746399    
2.520000     -14.210774   4.710818     0.681585     -2.988621    0.174996     0.699846    
2.530000     -14.801720   5.301777     0.650696     -3.191706    0.181729     0.645421    
2.540000     -15.488650   5.988723     0.617695     -3.411684    0.187872     0.581258    
2.550000     -16.296180   6.796276     0.582396     -3.652084    0.193314     0.504812    
2.560000     -17.258616   7.758744     0.544571     -3.917564    0.197916     0.412528    
2.570000     -18.425331   8.925509     0.503941     -4.214435    0.201496     0.299260    
2.580000     -19.870257   10.370513    0.460150     -4.551515    0.203807     0.157272    
2.590000     -21.709681   12.210066    0.412736     -4.941606    0.204507     -0.025665   
2.600000     -24.138445   14.639065    0.361080     -5.404179    0.203092     -0.270156   
2.610000     -27.511630   18.012721    0.304313     -5.970634    0.198780     -0.613984   
2.620000     -32.556908   23.059110    0.241150     -6.695495    0.190238     -1.135149   
2.630000     -41.052792   31.558333    0.169551     -7.681906    0.174894     -2.026076   
2.640000     -58.841361   49.362213    0.086005     -9.126779    0.146579     -3.927637   
2.650000     -119.523897  110.124909   -0.013752    -10.343859   0.082527     -10.642105  
2.660000     -125.563131  116.151702   -0.028440    8.643270     -0.074390    -12.553776  
2.670000     -60.161376   50.683885    0.062275     8.602538     -0.154113    -5.231071   
2.680000     -41.593561   32.099389    0.141992     7.401015     -0.194013    -3.069814   
2.690000     -32.853571   23.355857    0.211397     6.526092     -0.218995    -2.030229   
2.700000     -27.700757   18.201881    0.273221     5.867249     -0.235949    -1.406822   
2.710000     -24.270399   14.771033    0.329190     5.345147     -0.247787    -0.985629   
2.720000     -21.807414   12.307807    0.380424     4.914717     -0.256036    -0.679092   
2.730000     -19.945772   10.446032    0.427697     4.549128     -0.261604    -0.444405   
2.740000     -18.485538   8.985719     0.471564     4.231414     -0.265082    -0.258019   
2.750000     -17.307788   7.807918     0.512445     3.950270     -0.266877    -0.105836   
2.760000     -16.337109   6.837206     0.550664     3.697832     -0.267282    0.021132    
2.770000     -15.523240   6.023313     0.586478     3.468430     -0.266517    0.128911    
2.780000     -14.831317   5.331374     0.620095     3.257852     -0.264753    0.221699    
2.790000     -14.236359   4.736404     0.651686     3.062889     -0.262123    0.302519    
2.800000     -13.719967   4.220003     0.681396     2.881045     -0.258735    0.373607    
2.810000     -13.268280   3.768309     0.709344     2.710341     -0.254677    0.436655    
2.820000     -12.870649   3.370672     0.735634     2.549182     -0.250024    0.492968    
2.830000     -12.518750   3.018769     0.760355     2.396261     -0.244836    0.543572    
2.840000     -12.205985   2.706001     0.783583     2.250499     -0.239168    0.589283    
2.850000     -11.927054   2.427067     0.805385     2.110990     -0.233065    0.630757    
2.860000     -11.677655   2.177666     0.825821     1.976966     -0.226565    0.668532    
2.870000     -11.454258   1.954267     0.844941     1.847770     -0.219705    0.703050    
2.880000     -11.253948   1.753955     0.862790     1.722834     -0.212514    0.734679    
2.890000     -11.074295   1.574301     0.879410     1.601663     -0.205020    0.763725    
2.900000     -10.913264   1.413269     0.894835     1.483823     -0.197247    0.790448    
2.910000     -10.769144   1.269148     0.909096     1.368927     -0.189218    0.815068    
2.920000     -10.640487   1.140491     0.922222     1.256631     -0.180952    0.837770    
2.930000     -10.526069   1.026071     0.934236     1.146625     -0.172468    0.858716    
2.940000     -10.424850   0.924852     0.945161     1.038627     -0.163783    0.878042    
2.950000     -10.335950   0.835952     0.955014     0.932379     -0.154912    0.895864    
2.960000     -10.258626   0.758628     0.963813     0.827643     -0.145870    0.912284    
2.970000     -10.192254   0.692255     0.971572     0.724199     -0.136671    0.927387    
2.980000     -10.136314   0.636315     0.978301     0.621837     -0.127327    0.941248    
2.990000     -10.090377   0.590378     0.984011     0.520364     -0.117850    0.953927    
3.000000     -10.054102   0.554102     0.988710     0.419590     -0.108252    0.965478    
3.010000     -10.027221   0.527221     0.992405     0.319335     -0.098544    0.975944    
3.020000     -10.009540   0.509540     0.995098     0.219425     -0.088737    0.985359    
3.030000     -10.000932   0.500932     0.996794     0.119688     -0.078840    0.993750    
3.040000     -10.001336   0.501336     0.997492     0.019954     -0.068865    1.001137    
3.050000     -10.010755   0.510755     0.997192     -0.079947    -0.058821    1.007531    
3.060000     -10.029256   0.529257     0.995892     -0.180186    -0.048717    1.012939    
3.070000     -10.056972   0.556973     0.993587     -0.280938    -0.038565    1.017359    
3.080000     -10.094103   0.594104     0.990271     -0.382380    -0.028374    1.020781    
3.090000     -10.140923   0.640924     0.985936     -0.484699    -0.018153    1.023188    
3.100000     -10.197782   0.697783     0.980573     -0.588089    -0.007913    1.024557    
3.110000     -10.265115   0.765116     0.974170     -0.692753    0.002335     1.024854    
3.120000     -10.343451   0.843453     0.966713     -0.798909    0.012580     1.024036    
3.130000     -10.433425   0.933427     0.958187     -0.906790    0.022812     1.022050    
3.140000     -10.535791   1.035794     0.948571     -1.016648    0.033017     1.018831    
3.150000     -10.651444   1.151447     0.937846     -1.128757    0.043184     1.014298    
3.160000     -10.781436   1.281440     0.925988     -1.243420    0.053298     1.008359    
3.170000     -10.927012   1.427017     0.912968     -1.360969    0.063346     1.000898    
3.180000     -11.089641   1.589647     0.898757     -1.481778    0.073311     0.991780    
3.190000     -11.271061   1.771068     0.883321     -1.606264    0.083176     0.980842    
3.200000     -11.473339   1.973348     0.866618     -1.734902    0.092921     0.967890    
3.210000     -11.698943   2.198954     0.848607     -1.868233    0.102526     0.952688    
3.220000     -11.950841   2.450854     0.829236     -2.006881    0.111966     0.934953    
3.230000     -12.232621   2.732637     0.808450     -2.151572    0.121216     0.914338    
3.240000     -12.548667   3.048687     0.786182     -2.303156    0.130242     0.890419    
3.250000     -12.904381   3.404405     0.762360     -2.462643    0.139011     0.862669    
3.260000     -13.306498   3.806527     0.736899     -2.631244    0.147481     0.830428    
3.270000     -13.763520   4.263557     0.709701     -2.810425    0.155602     0.792857    
3.280000     -14.286345   4.786391     0.680650     -3.001993    0.163317     0.748878    
3.290000     -14.889180   5.389238     0.649612     -3.208203    0.170554     0.697074    
3.300000     -15.590915   6.090990     0.616428     -3.431917    0.177226     0.635554    
3.310000     -16.417262   6.917361     0.580904     -3.676844    0.183225     0.561730    
3.320000     -17.404197   7.904331     0.542805     -3.947900    0.188409     0.471959    
3.330000     -18.603755   9.103941     0.501838     -4.251777    0.192594     0.360939    
3.340000     -20.094324   10.594593    0.457631     -4.597881    0.195531     0.220637    
3.350000     -22.000152   12.500561    0.409697     -4.999966    0.196869     0.038230    
3.360000     -24.531517   15.032183    0.357379     -5.479146    0.196087     -0.208149   
3.370000     -28.076890   18.578080    0.299748     -6.069877    0.192365     -0.559239   
3.380000     -33.448227   23.950686    0.235418     -6.832938    0.184285     -1.101057   
3.390000     -42.692783   33.199226    0.162147     -7.885582    0.169035     -2.053301   
3.400000     -62.926299   53.452518    0.076017     -9.450420    0.139556     -4.194592   
3.410000     -138.611019  129.130208   -0.026322    -9.938603    0.067171     -12.628721  
3.420000     -109.154363  99.757892    -0.017875    8.956470     -0.089853    -10.922336  
3.430000     -56.472474   46.990538    0.070863     8.328643     -0.162280    -4.961329   
3.440000     -40.055035   30.560071    0.148271     7.209954     -0.200858    -3.022699   
3.450000     -32.002270   22.504322    0.216058     6.388925     -0.225746    -2.047019   
3.460000     -27.155368   17.656401    0.276689     5.763429     -0.243006    -1.447648   
3.470000     -23.888684   14.389276    0.331738     5.263495     -0.255309    -1.036422   
3.480000     -21.524076   12.024446    0.382239     4.848750     -0.264089    -0.733839   
3.490000     -19.726499   10.226746    0.428912     4.494805     -0.270212    -0.500219   
3.500000     -18.310504   8.810676     0.472283     4.186064     -0.274247    -0.313404   
3.510000     -17.164700   7.664824     0.512748     3.912040     -0.276590    -0.159981   
3.520000     -16.217920   6.718013     0.550614     3.665385     -0.277528    -0.031323   
3.530000     -15.422449   5.922520     0.586128     3.440769     -0.277279    0.078393    
3.540000     -14.745031   5.245087     0.619489     3.234217     -0.276009    0.173251    
3.550000     -14.161740   4.661783     0.650862     3.042684     -0.273853    0.256203    
3.560000     -13.654895   4.154929     0.680385     2.863796     -0.270917    0.329445    
3.570000     -13.211139   3.711167     0.708173     2.695661     -0.267290    0.394643    
3.580000     -12.820183   3.320206     0.734328     2.536754     -0.263046    0.453089    
3.590000     -12.473971   2.973990     0.758935     2.385822     -0.258247    0.505798    
3.600000     -12.166102   2.666117     0.782067     2.241826     -0.252947    0.553581    
3.610000     -11.891428   2.391441     0.803791     2.103892     -0.247190    0.597094    
3.620000     -11.645763   2.145774     0.824163     1.971278     -0.241017    0.636874    
3.630000     -11.425671   1.925680     0.843232     1.843351     -0.234463    0.673364    
3.640000     -11.228308   1.728315     0.861044     1.719558     -0.227559    0.706931    
3.650000     -11.051304   1.551310     0.877635     1.599420     -0.220333    0.737886    
3.660000     -10.892671   1.392676     0.893043     1.482514     -0.212809    0.766489    
3.670000     -10.750738   1.250741     0.907295     1.368464     -0.205011    0.792962    
3.680000     -10.624088   1.124091     0.920420     1.256935     -0.196957    0.817494    
3.690000     -10.511525   1.011527     0.932441     1.147623     -0.188666    0.840248    
3.700000     -10.412032   0.912034     0.943379     1.040252     -0.180157    0.861362    
3.710000     -10.324751   0.824752     0.953252     0.934569     -0.171444    0.880957    
3.720000     -10.248953   0.748954     0.962075     0.830342     -0.162543    0.899133    
3.730000     -10.184031   0.684032     0.969863     0.727352     -0.153466    0.915981    
3.740000     -10.129476   0.629477     0.976626     0.625396     -0.144227    0.931576    
3.750000     -10.084874   0.584874     0.982373     0.524278     -0.134838    0.945982    
3.760000     -10.049892   0.549892     0.987113     0.423815     -0.125311    0.959253    
3.770000     -10.024274   0.524274     0.990851     0.323827     -0.115657    0.971435    
3.780000     -10.007835   0.507835     0.993591     0.224140     -0.105886    0.982564    
3.790000     -10.000458   0.500458     0.995335     0.124584     -0.096009    0.992670    
3.800000     -10.002088   0.502088     0.996082     0.024989     -0.086036    1.001774    
3.810000     -10.012739   0.512739     0.995834     -0.074814    -0.075977    1.009892    
3.820000     -10.032486   0.532486     0.994585     -0.174997    -0.065841    1.017029    
3.830000     -10.061471   0.561472     0.992332     -0.275735    -0.055639    1.023188    
3.840000     -10.099905   0.599905     0.989068     -0.377208    -0.045381    1.028360    
3.850000     -10.148070   0.648070     0.984785     -0.479601    -0.035076    1.032533    
3.860000     -10.206328   0.706329     0.979472     -0.583111    -0.024734    1.035683    
3.870000     -10.275126   0.775127     0.973118     -0.687944    -0.014365    1.037780    
3.880000     -10.355007   0.855009     0.965708     -0.794321    -0.003982    1.038784    
3.890000     -10.446622   0.946624     0.957226     -0.902477    0.006407     1.038645    
3.900000     -10.550743   1.050746     0.947652     -1.012669    0.016787     1.037301    
3.910000     -10.668283   1.168286     0.936965     -1.125176    0.027148     1.034674    
3.920000     -10.800320   1.300325     0.925140     -1.240306    0.037476     1.030674    
3.930000     -10.948128   1.448133     0.912149     -1.358399    0.047757     1.025191    
3.940000     -11.113207   1.613213     0.897961     -1.479836    0.057975     1.018092    
3.950000     -11.297339   1.797346     0.882540     -1.605045    0.068113     1.009219    
3.960000     -11.502639   2.002648     0.865846     -1.734513    0.078153     0.998380    
3.970000     -11.731639   2.231650     0.847834     -1.868795    0.088073     0.985346    
3.980000     -11.987380   2.487394     0.828452     -2.008533    0.097851     0.969836    
3.990000     -12.273551   2.773567     0.807642     -2.154476    0.107461     0.951508    
4.000000     -12.594657   3.094677     0.785339     -2.307501    0.116871     0.929943    
4.010000     -12.956262   3.456286     0.761466     -2.468652    0.126047     0.904615    
4.020000     -13.365312   3.865342     0.735935     -2.639184    0.134949     0.874867    
4.030000     -13.830594   4.330632     0.708646     -2.820620    0.143527     0.839861    
4.040000     -14.363396   4.863443     0.679480     -3.014841    0.151725     0.798512    
4.050000     -14.978466   5.478526     0.648299     -3.224200    0.159472     0.749393    
4.060000     -15.695478   6.195556     0.614937     -3.451695    0.166681     0.690588    
4.070000     -16.541301   7.041405     0.579193     -3.701226    0.173243     0.619462    
4.080000     -17.553686   8.053826     0.540823     -3.977980    0.179017     0.532286    
4.090000     -18.787515   9.287710     0.499520     -4.289054    0.183818     0.423594    
4.100000     -20.325977   10.826261    0.454896     -4.644489    0.187391     0.285039    
4.110000     -22.301989   12.802424    0.406436     -5.059072    0.189377     0.103161    
4.120000     -24.942850   15.443565    0.353445     -5.555720    0.189237     -0.145279   
4.130000     -28.674521   19.175821    0.294929     -6.172302    0.186112     -0.504313   
4.140000     -34.406081   24.908837    0.229386     -6.976718    0.178486     -1.069150   
4.150000     -44.507614   35.015165    0.154349     -8.102649    0.163272     -2.092228   
4.160000     -67.744731   58.278166    0.065437     -9.798912    0.132316     -4.531849   
4.170000     -161.003296  151.176803   -0.038192    -8.658333    0.048981     -15.079353  
4.180000     -96.311854   86.898905    -0.007416    8.963654     -0.103564    -9.666991   
4.190000     -53.282554   43.797242    0.078938     8.070337     -0.170270    -4.739636   
4.200000     -38.652886   29.157267    0.154169     7.028617     -0.207760    -2.985477   
4.210000     -31.206541   21.708392    0.220409     6.256855     -0.232605    -2.066048   
4.220000     -26.638106   17.139057    0.279886     5.662369     -0.250181    -1.488519   
4.230000     -23.523246   14.023799    0.334035     5.183344     -0.262946    -1.086526   
4.240000     -21.251050   11.751399    0.383813     4.783555     -0.272248    -0.787657   
4.250000     -19.514200   10.014434    0.429893     4.440810     -0.278916    -0.555048   
4.260000     -18.140423   8.640588     0.472770     4.140759     -0.283498    -0.367824   
4.270000     -17.025269   7.525388     0.512817     3.873670     -0.286379    -0.213212   
4.280000     -16.101515   6.601605     0.550329     3.632676     -0.287842    -0.082926   
4.290000     -15.323834   5.823903     0.585540     3.412768     -0.288099    0.028664    
4.300000     -14.660482   5.160535     0.618641     3.210189     -0.287317    0.125529    
4.310000     -14.088532   4.588574     0.649791     3.022055     -0.285628    0.210556    
4.320000     -13.590988   4.091022     0.679123     2.846104     -0.283138    0.285898    
4.330000     -13.154974   3.655001     0.706748     2.680532     -0.279936    0.353198    
4.340000     -12.770545   3.270567     0.732763     2.523878     -0.276096    0.413731    
4.350000     -12.429901   2.929919     0.757251     2.374941     -0.271681    0.468503    
4.360000     -12.126833   2.626848     0.780284     2.232720     -0.266743    0.518322    
4.370000     -11.856339   2.356351     0.801924     2.096374     -0.261328    0.563841    
4.380000     -11.614345   2.114355     0.822228     1.965188     -0.255478    0.605595    
4.390000     -11.397505   1.897514     0.841243     1.838547     -0.249227    0.644027    
4.400000     -11.203046   1.703053     0.859012     1.715918     -0.242607    0.679508    
4.410000     -11.028653   1.528659     0.875573     1.596834     -0.235646    0.712348    
4.420000     -10.872388   1.372392     0.890959     1.480885     -0.228368    0.742809    
4.430000     -10.732614   1.232618     0.905200     1.367704     -0.220797    0.771117    
4.440000     -10.607950   1.107953     0.918321     1.256964     -0.212952    0.797462    
4.450000     -10.497223   0.997225     0.930346     1.148370     -0.204854    0.822008    
4.460000     -10.399441   0.899443     0.941295     1.041650     -0.196518    0.844897    
4.470000     -10.313764   0.813765     0.951185     0.936559     -0.187961    0.866250    
4.480000     -10.239482   0.739483     0.960031     0.832865     -0.179197    0.886172    
4.490000     -10.175999   0.676000     0.967846     0.730355     -0.170242    0.904755    
4.500000     -10.122823   0.622823     0.974641     0.628829     -0.161107    0.922074    
4.510000     -10.079549   0.579549     0.980425     0.528094     -0.151804    0.938198    
4.520000     -10.045856   0.545856     0.985205     0.427967     -0.142346    0.953183    
4.530000     -10.021498   0.521498     0.988986     0.328271     -0.132744    0.967075    
4.540000     -10.006299   0.506299     0.991771     0.228834     -0.123008    0.979915    
4.550000     -10.000150   0.500150     0.993563     0.129485     -0.113149    0.991733    
4.560000     -10.003007   0.503008     0.994361     0.030056     -0.103177    1.002553    
4.570000     -10.014892   0.514892     0.994163     -0.069624    -0.093101    1.012391    
4.580000     -10.035887   0.535887     0.992967     -0.169725    -0.082932    1.021258    
4.590000     -10.066145   0.566146     0.990767     -0.270422    -0.072679    1.029157    
4.600000     -10.105886   0.605887     0.987556     -0.371898    -0.062352    1.036082    
4.610000     -10.155403   0.655404     0.983326     -0.474339    -0.051961    1.042022    
4.620000     -10.215069   0.715070     0.978065     -0.577943    -0.041515    1.046958    
4.630000     -10.285343   0.785344     0.971762     -0.682918    -0.031025    1.050862    
4.640000     -10.366782   0.866783     0.964402     -0.789489    -0.020502    1.053696    
4.650000     -10.460052   0.960054     0.955966     -0.897894    -0.009955    1.055412    
4.660000     -10.565943   1.065946     0.946437     -1.008393    0.000603     1.055952    
4.670000     -10.685391   1.185394     0.935791     -1.121272    0.011160     1.055243    
4.680000     -10.819497   1.319501     0.924003     -1.236842    0.021703     1.053197    
4.690000     -10.969563   1.469568     0.911044     -1.355453    0.032219     1.049706    
4.700000     -11.137126   1.637133     0.896882     -1.477493    0.042692     1.044644    
4.710000     -11.324009   1.824017     0.881481     -1.603400    0.053106     1.037855    
4.720000     -11.532379   2.032388     0.864800     -1.733673    0.063443     1.029152    
4.730000     -11.764829   2.264841     0.846791     -1.868884    0.073682     1.018310    
4.740000     -12.024483   2.524497     0.827404     -2.009691    0.083801     1.005054    
4.750000     -12.315127   2.815143     0.806577     -2.156867    0.093774     0.989046    
4.760000     -12.641396   3.141416     0.784242     -2.311317    0.103572     0.969870    
4.770000     -13.009020   3.509045     0.760323     -2.474120    0.113159     0.947005    
4.780000     -13.425165   3.925196     0.734728     -2.646576    0.122498     0.919797    
4.790000     -13.898916   4.398955     0.707354     -2.830268    0.131538     0.887407    
4.800000     -14.441965   4.942014     0.678079     -3.027153    0.140225     0.848746    
4.810000     -15.069633   5.569696     0.646760     -3.239689    0.148488     0.802378    
4.820000     -15.802416   6.302497     0.613224     -3.471014    0.156241     0.746361    
4.830000     -16.668407   7.168514     0.577264     -3.725228    0.163375     0.678013    
4.840000     -17.707245   8.207391     0.538626     -4.007807    0.169748     0.593516    
4.850000     -18.976856   9.477062     0.496990     -4.326283    0.175173     0.487235    
4.860000     -20.565618   11.065918    0.451947     -4.691374    0.179393     0.350487    
4.870000     -22.615891   13.116355    0.402957     -5.118994    0.182037     0.169134    
4.880000     -25.373790   15.874561    0.349280     -5.634046    0.182549     -0.081565   
4.890000     -29.307492   19.808917    0.289853     -6.278212    0.180025     -0.449318   
4.900000     -35.438497   25.941602    0.223047     -7.127535    0.172844     -1.039927   
4.910000     -46.527668   37.036595    0.146139     -8.334872    0.157596     -2.145483   
4.920000     -73.508850   64.052062    0.054228     -10.172302   0.124762     -4.962701   
4.930000     -181.333127  170.756218   -0.047823    -5.940140    0.027462     -17.499348  
4.940000     -86.204146   76.771841    0.002685     8.824124     -0.115973    -8.699340   
4.950000     -50.496256   41.008344    0.086525     7.826831     -0.178132    -4.556030   
4.960000     -37.369309   27.873144    0.159697     6.856025     -0.214724    -2.956553   
4.970000     -30.460954   20.962628    0.224455     6.129432     -0.239569    -2.086939   
4.980000     -26.146783   16.647661    0.282813     5.563854     -0.257468    -1.529331   
4.990000     -23.173036   13.673553    0.336081     5.104586     -0.270690    -1.135916   
5.000000     -20.987770   11.488100    0.385146     4.719077     -0.280507    -0.840542   
5.010000     -19.308541   9.808764     0.430638     4.387114     -0.287709    -0.608897   
5.020000     -17.975089   8.475246     0.473021     4.095487     -0.292829    -0.421286   
5.030000     -16.889358   7.389473     0.512651     3.835158     -0.296240    -0.265535   
5.040000     -15.987802   6.487888     0.549806     3.599709     -0.298218    -0.133682   
5.050000     -15.227328   5.727394     0.584712     3.384432     -0.298974    -0.020280   
5.060000     -14.577620   5.077672     0.617550     3.185777     -0.298672    0.078533    
5.070000     -14.016699   4.516740     0.648473     3.001010     -0.297442    0.165578    
5.080000     -13.528219   4.028252     0.677609     2.827980     -0.295392    0.242968    
5.090000     -13.099762   3.599789     0.705066     2.664964     -0.292609    0.312320    
5.100000     -12.721717   3.221739     0.730936     2.510564     -0.289168    0.374896    
5.110000     -12.386527   2.886545     0.755301     2.363627     -0.285131    0.431692    
5.120000     -12.088168   2.588182     0.778230     2.223192     -0.280551    0.483510    
5.130000     -11.821777   2.321789     0.799784     2.088449     -0.275475    0.531000    
5.140000     -11.583393   2.083403     0.820016     1.958706     -0.269943    0.574697    
5.150000     -11.369754   1.869762     0.838973     1.833370     -0.263992    0.615044    
5.160000     -11.178155   1.678162     0.856696     1.711923     -0.257652    0.652413    
5.170000     -11.006338   1.506344     0.873223     1.593914     -0.250952    0.687114    
5.180000     -10.852410   1.352414     0.888584     1.478943     -0.243918    0.719413    
5.190000     -10.714770   1.214774     0.902810     1.366654     -0.236571    0.749536    
5.200000     -10.592069   1.092072     0.915925     1.256728     -0.228934    0.777676    
5.210000     -10.483161   0.983163     0.927952     1.148875     -0.221024    0.803998    
5.220000     -10.387075   0.887077     0.938909     1.042831     -0.212859    0.828647    
5.230000     -10.302989   0.802990     0.948813     0.938355     -0.204456    0.851746    
5.240000     -10.230210   0.730211     0.957680     0.835219     -0.195829    0.873402    
5.250000     -10.168158   0.668159     0.965522     0.733215     -0.186992    0.893708    
5.260000     -10.116353   0.616354     0.972348     0.632144     -0.177959    0.912744    
5.270000     -10.074402   0.574402     0.978167     0.531816     -0.168741    0.930578    
5.280000     -10.041993   0.541994     0.982986     0.432052     -0.159351    0.947269    
5.290000     -10.018892   0.518892     0.986809     0.332674     -0.149800    0.962867    
5.300000     -10.004930   0.504931     0.989640     0.233512     -0.140097    0.977412    
5.310000     -10.000009   0.500010     0.991480     0.134397     -0.130255    0.990937    
5.320000     -10.004094   0.504094     0.992328     0.035159     -0.120282    1.003470    
5.330000     -10.017213   0.517213     0.992182     -0.064370    -0.110189    1.015028    
5.340000     -10.039460   0.539460     0.991039     -0.164362    -0.099984    1.025625    
5.350000     -10.070995   0.570996     0.988892     -0.264993    -0.089679    1.035264    
5.360000     -10.112049   0.612050     0.985736     -0.366445    -0.079282    1.043943    
5.370000     -10.162924   0.662925     0.981560     -0.468907    -0.068804    1.051655    
5.380000     -10.224006   0.724007     0.976354     -0.572578    -0.058252    1.058381    
5.390000     -10.295766   0.795768     0.970104     -0.677669    -0.047639    1.064096    
5.400000     -10.378775   0.878777     0.962795     -0.784406    -0.036974    1.068766    
5.410000     -10.473715   0.973717     0.954410     -0.893033    -0.026268    1.072346    
5.420000     -10.581395   1.081398     0.944927     -1.003813    -0.015531    1.074781    
5.430000     -10.702770   1.202774     0.934325     -1.117036    -0.004776    1.076001    
5.440000     -10.838969   1.338974     0.922578     -1.233021    0.005985     1.075921    
5.450000     -10.991323   1.491328     0.909655     -1.352123    0.016738     1.074439    
5.460000     -11.161404   1.661410     0.895523     -1.474740    0.027469     1.071430    
5.470000     -11.351077   1.851085     0.880147     -1.601320    0.038161     1.066745    
5.480000     -11.562564   2.062574     0.863482     -1.732375    0.048797     1.060201    
5.490000     -11.798524   2.298535     0.845483     -1.868491    0.059358     1.051577    
5.500000     -12.062159   2.562173     0.826094     -2.010346    0.069821     1.040603    
5.510000     -12.357362   2.857379     0.805254     -2.158736    0.080161     1.026946    
5.520000     -12.688899   3.188920     0.782894     -2.314594    0.090350     1.010196    
5.530000     -13.062674   3.562700     0.758934     -2.479037    0.100353     0.989836    
5.540000     -13.486083   3.986115     0.733281     -2.653411    0.110133     0.965214    
5.550000     -13.968518   4.468558     0.705828     -2.839361    0.119641     0.935493    
5.560000     -14.522096   5.022147     0.676449     -3.038922    0.128822     0.899580    
5.570000     -15.162739   5.662804     0.644996     -3.254662    0.137607     0.856028    
5.580000     -15.911808   6.411892     0.611291     -3.489868    0.145911     0.802874    
5.590000     -16.798692   7.298803     0.575120     -3.748849    0.153624     0.737387    
5.600000     -17.865040   8.365193     0.536217     -4.037388    0.160605     0.655656    
5.610000     -19.172041   9.672257     0.494249     -4.363479    0.166665     0.551870    
5.620000     -20.813674   11.313991    0.448786     -4.738576    0.171541     0.416994    
5.630000     -22.942617   13.443112    0.399260     -5.179812    0.174854     0.236155    
5.640000     -25.825823   16.326655    0.344884     -5.714282    0.176028     -0.017027   
5.650000     -29.979153   20.480720    0.284519     -6.387950    0.174111     -0.394382   
5.660000     -36.554866   27.058379    0.216394     -7.286191    0.167361     -1.013990   
5.670000     -48.790800   39.301454    0.137497     -8.584311    0.151993     -2.216420   
5.680000     -80.513754   71.070156    0.042350     -10.567046   0.116759     -5.520675   
5.690000     -188.069529  177.103790   -0.053071    -1.869443    0.003278     -18.727327  
5.700000     -78.125287   68.677066    0.012314     8.616738     -0.127406    -7.943926   
5.710000     -48.040811   38.550870    0.093644     7.597056     -0.185903    -4.403008   
5.720000     -36.189494   26.692869    0.164865     6.691318     -0.221752    -2.934621   
5.730000     -29.760771   20.262291    0.228200     6.006259     -0.246636    -2.109368   
5.740000     -25.679440   16.180252    0.285470     5.467689     -0.264863    -1.569994   
5.750000     -22.837097   13.337581    0.337875     5.027122     -0.278537    -1.184571   
5.760000     -20.733714   11.234025    0.386238     4.655266     -0.288859    -0.892496   
5.770000     -19.109214   9.609426     0.431146     4.333695     -0.296588    -0.661771   
5.780000     -17.814303   8.314454     0.473037     4.050238     -0.302235    -0.473795   
5.790000     -16.756837   7.256947     0.512249     3.796503     -0.306166    -0.316954   
5.800000     -15.876689   6.376772     0.549045     3.566488     -0.308651    -0.183592   
5.810000     -15.132866   5.632930     0.583642     3.355767     -0.309898    -0.068440   
5.820000     -14.496398   4.996448     0.616213     3.160990     -0.310067    0.032261    
5.830000     -13.946205   4.446244     0.646906     2.979561     -0.309291    0.121268    
5.840000     -13.466560   3.966592     0.675842     2.809434     -0.307674    0.200654    
5.850000     -13.045484   3.545510     0.703126     2.648967     -0.305304    0.272012    
5.860000     -12.673683   3.173704     0.728849     2.496821     -0.302256    0.336587    
5.870000     -12.343835   2.843852     0.753086     2.351891     -0.298592    0.395367    
5.880000     -12.050094   2.550108     0.775907     2.213252     -0.294365    0.449147    
5.890000     -11.787735   2.287747     0.797370     2.080124     -0.289623    0.498575    
5.900000     -11.552900   2.052909     0.817526     1.951841     -0.284406    0.544184    
5.910000     -11.342411   1.842419     0.836420     1.827827     -0.278750    0.586419    
5.920000     -11.153631   1.653637     0.854095     1.707583     -0.272688    0.625649    
5.930000     -10.984356   1.484361     0.870583     1.590669     -0.266246    0.662189    
5.940000     -10.832734   1.332738     0.885918     1.476698     -0.259452    0.696304    
5.950000     -10.697204   1.197208     0.900126     1.365323     -0.252328    0.728222    
5.960000     -10.576445   1.076448     0.913232     1.256233     -0.244894    0.758138    
5.970000     -10.469337   0.969339     0.925257     1.149146     -0.237171    0.786221    
5.980000     -10.374931   0.874932     0.936220     1.043802     -0.229175    0.812615    
5.990000     -10.292423   0.792425     0.946138     0.939964     -0.220924    0.837446    
6.000000     -10.221138   0.721139     0.955024     0.837412     -0.212431    0.860824    
6.010000     -10.160508   0.660509     0.962890     0.735938     -0.203712    0.882843    
6.020000     -10.110066   0.610067     0.969745     0.635348     -0.194778    0.903586    
6.030000     -10.069431   0.569432     0.975599     0.535453     -0.185644    0.923121    
6.040000     -10.038303   0.538303     0.980456     0.436076     -0.176320    0.941512    
6.050000     -10.016455   0.516455     0.984322     0.337043     -0.166817    0.958808    
6.060000     -10.003730   0.503730     0.987198     0.238182     -0.157147    0.975053    
6.070000     -10.000036   0.500036     0.989085     0.139326     -0.147320    0.990283    
6.080000     -10.005348   0.505348     0.989984     0.040306     -0.137345    1.004526    
6.090000     -10.019704   0.519704     0.989890     -0.059046    -0.127232    1.017802    
6.100000     -10.043205   0.543205     0.988801     -0.158903    -0.116992    1.030127    
6.110000     -10.076022   0.576023     0.986710     -0.259440    -0.106633    1.041506    
6.120000     -10.118394   0.618395     0.983609     -0.360842    -0.096165    1.051942    
6.130000     -10.170636   0.670636     0.979490     -0.463298    -0.085597    1.061427    
6.140000     -10.233142   0.733143     0.974339     -0.567009    -0.074939    1.069947    
6.150000     -10.306398   0.806400     0.968145     -0.672190    -0.064201    1.077479    
6.160000     -10.390990   0.890992     0.960890     -0.779067    -0.053393    1.083992    
6.170000     -10.487615   0.987617     0.952557     -0.887888    -0.042525    1.089444    
6.180000     -10.597100   1.097103     0.943125     -0.998922    -0.031608    1.093783    
6.190000     -10.720425   1.220428     0.932570     -1.112463    -0.020653    1.096943    
6.200000     -10.858741   1.358746     0.920866     -1.228835    -0.009673    1.098842    
6.210000     -11.013411   1.513417     0.907983     -1.348402    0.001319     1.099383    
6.220000     -11.186044   1.686051     0.893886     -1.471570    0.012309     1.098446    
6.230000     -11.378550   1.878558     0.878538     -1.598798    0.023283     1.095884    
6.240000     -11.593203   2.093213     0.861895     -1.730610    0.034221     1.091521    
6.250000     -11.832731   2.332743     0.843909     -1.867607    0.045106     1.085140    
6.260000     -12.100420   2.600435     0.824524     -2.010489    0.055917     1.076477    
6.270000     -12.400270   2.900288     0.803677     -2.160073    0.066627     1.065204    
6.280000     -12.737185   3.237207     0.781297     -2.317323    0.077211     1.050917    
6.290000     -13.117248   3.617275     0.757301     -2.483395    0.087634     1.033103    
6.300000     -13.548093   4.048126     0.731595     -2.659681    0.097859     1.011114    
6.310000     -14.039435   4.539476     0.704069     -2.847889    0.107840     0.984115    
6.320000     -14.603837   5.103889     0.674591     -3.050140    0.117521     0.951011    
6.330000     -15.257846   5.757913     0.643011     -3.269113    0.126835     0.910345    
6.340000     -16.023741   6.523828     0.609143     -3.508252    0.135697     0.860130    
6.350000     -16.932280   7.432397     0.572764     -3.772088    0.143997     0.797588    
6.360000     -18.027256   8.527415     0.533600     -4.066728    0.151595     0.718714    
6.370000     -19.373355   9.873582     0.491300     -4.400664    0.158298     0.617510    
6.380000     -21.070617   11.570952    0.445417     -4.786136    0.163841     0.484569    
6.390000     -23.283007   13.783535    0.395348     -5.241614    0.167834     0.304230    
6.400000     -26.300609   16.801510    0.340258     -5.796610    0.169679     0.048309    
6.410000     -30.693330   21.195058    0.278924     -6.501903    0.168372     -0.339661   
6.420000     -37.766295   28.270293    0.209418     -7.453615    0.162037     -0.992073   
6.430000     -51.344866   41.857712    0.128399     -8.853368    0.146444     -2.309392   
6.440000     -89.174082   79.747677    0.029767     -10.971370   0.108117     -6.254950   
6.450000     -175.716260  165.403600   -0.052804    2.196481     -0.021223    -18.054990  
6.460000     -71.554013   62.093782    0.021429     8.380759     -0.138102    -7.345097   
6.470000     -45.859744   36.368200    0.100315     7.379863     -0.193612    -4.274813   
6.480000     -35.100972   25.603959    0.169682     6.533737     -0.228848    -2.918596   
6.490000     -29.101818   19.603202    0.231648     5.886976     -0.253801    -2.133054   
6.500000     -25.234292   15.735045    0.287859     5.373697     -0.272359    -1.610427   
6.510000     -22.514539   13.014993    0.339418     4.950859     -0.286480    -1.232470   
6.520000     -20.488384   10.988679    0.387087     4.592073     -0.297300    -0.943515   
6.530000     -18.915917   9.416119     0.431415     4.280526     -0.305544    -0.713675   
6.540000     -17.657875   8.158019     0.472816     4.005002     -0.311710    -0.525358   
6.550000     -16.627576   7.127682     0.511608     3.757702     -0.316151    -0.367475   
6.560000     -15.768087   6.268167     0.548044     3.533016     -0.319135    -0.232662   
6.570000     -15.040383   5.540445     0.582329     3.326782     -0.320864    -0.115818   
6.580000     -14.416768   4.916817     0.614630     3.135834     -0.321498    -0.013286   
6.590000     -13.877014   4.377052     0.645088     2.957715     -0.321168    0.077628    
6.600000     -13.405984   3.906014     0.673821     2.790477     -0.319977    0.158960    
6.610000     -12.992116   3.492141     0.700928     2.632552     -0.318015    0.232276    
6.620000     -12.626424   3.126444     0.726498     2.482661     -0.315354    0.298806    
6.630000     -12.301811   2.801828     0.750605     2.339742     -0.312058    0.359529    
6.640000     -12.012601   2.512615     0.773313     2.202909     -0.308180    0.415235    
6.650000     -11.754202   2.254213     0.794680     2.071410     -0.303768    0.466568    
6.660000     -11.522857   2.022866     0.814757     1.944602     -0.298862    0.514059    
6.670000     -11.315470   1.815478     0.833586     1.821928     -0.293498    0.558152    
6.680000     -11.129468   1.629474     0.851207     1.702905     -0.287709    0.599219    
6.690000     -10.962700   1.462705     0.867655     1.587107     -0.281522    0.637574    
6.700000     -10.813356   1.313360     0.882959     1.474158     -0.274965    0.673483    
6.710000     -10.679911   1.179915     0.897146     1.363719     -0.268060    0.707177    
6.720000     -10.561074   1.061077     0.910241     1.255488     -0.260828    0.738852    
6.730000     -10.455748   0.955751     0.922262     1.149189     -0.253289    0.768678    
6.740000     -10.363007   0.863009     0.933230     1.044569     -0.245460    0.796802    
6.750000     -10.282066   0.782067     0.943159     0.941395     -0.237358    0.823353    
6.760000     -10.212263   0.712264     0.952062     0.839450     -0.228998    0.848440    
6.770000     -10.153046   0.653047     0.959951     0.738532     -0.220394    0.872161    
6.780000     -10.103961   0.603962     0.966835     0.638447     -0.211559    0.894600    
6.790000     -10.064637   0.564638     0.972722     0.539011     -0.202506    0.915829    
6.800000     -10.034785   0.534785     0.977617     0.440047     -0.193246    0.935911    
6.810000     -10.014188   0.514188     0.981524     0.341383     -0.183791    0.954900    
6.820000     -10.002696   0.502697     0.984445     0.242849     -0.174152    0.972840    
6.830000     -10.000230   0.500230     0.986381     0.144278     -0.164338    0.989769    
6.840000     -10.006770   0.506770     0.987330     0.045503     -0.154360    1.005719    
6.850000     -10.022364   0.522364     0.987290     -0.053646    -0.144227    1.020711    
6.860000     -10.047123   0.547123     0.986255     -0.153341    -0.133948    1.034762    
6.870000     -10.081226   0.581226     0.984220     -0.253759    -0.123534    1.047883    
6.880000     -10.124922   0.624923     0.981177     -0.355084    -0.112994    1.060076    
6.890000     -10.178537   0.678538     0.977115     -0.457507    -0.102336    1.071337    
6.900000     -10.242477   0.742478     0.972023     -0.561232    -0.091570    1.081654    
6.910000     -10.317241   0.817242     0.965885     -0.666474    -0.080706    1.091008    
6.920000     -10.403428   0.903430     0.958687     -0.773464    -0.069753    1.099370    
6.930000     -10.501753   1.001755     0.950410     -0.882453    -0.058722    1.106701    
6.940000     -10.613062   1.113066     0.941031     -0.993713    -0.047623    1.112953    
6.950000     -10.738357   1.238361     0.930527     -1.107544    -0.036467    1.118064    
6.960000     -10.878816   1.378821     0.918870     -1.224278    -0.025266    1.121956    
6.970000     -11.035832   1.535838     0.906031     -1.344283    -0.014032    1.124535    
6.980000     -11.211053   1.711060     0.891973     -1.467975    -0.002780    1.125685    
6.990000     -11.406433   1.906441     0.876657     -1.595825    0.008477     1.125266    
7.000000     -11.624303   2.124313     0.860041     -1.728369    0.019720     1.123106    
7.010000     -11.867459   2.367472     0.842072     -1.866225    0.030932     1.118993    
7.020000     -12.139277   2.639292     0.822696     -2.010112    0.042093     1.112670    
7.030000     -12.443864   2.943882     0.801848     -2.160870    0.053177     1.103814    
7.040000     -12.786269   3.286291     0.779453     -2.319496    0.064159     1.092026    
7.050000     -13.172761   3.672788     0.755428     -2.487182    0.075006     1.076801    
7.060000     -13.611221   4.111255     0.729675     -2.665374    0.085682     1.057494    
7.070000     -14.111702   4.611744     0.702080     -2.855843    0.096140     1.033271    
7.080000     -14.687231   5.187284     0.672510     -3.060798    0.106327     1.003039    
7.090000     -15.355017   5.855086     0.640807     -3.283034    0.116176     0.965329    
7.100000     -16.138301   6.638391     0.606780     -3.526162    0.125603     0.918132    
7.110000     -17.069297   7.569419     0.570199     -3.794945    0.134498     0.858623    
7.120000     -18.194079   8.694246     0.530776     -4.095837    0.142721     0.782698    
7.130000     -19.581093   10.081332    0.488147     -4.437857    0.150078     0.684167    
7.140000     -21.336941   11.837297    0.441841     -4.834101    0.156298     0.553227    
7.150000     -23.637959   14.138523    0.391222     -5.304493    0.160983     0.373364    
7.160000     -26.799970   17.300946    0.335402     -5.881224    0.163508     0.114411    
7.170000     -31.454341   21.956253    0.273066     -6.620505    0.162815     -0.285336   
7.180000     -39.085900   29.590477    0.202111     -7.630872    0.156872     -0.975064   
7.190000     -54.250896   44.766564    0.118816     -9.144819    0.140925     -2.430104   
7.200000     -100.067313  90.660580    0.016468     -11.354759   0.098566     -7.238135   
7.210000     -153.695520  144.023641   -0.048145    5.011318     -0.043765    -16.215239  
7.220000     -66.118638   56.649534    0.030019     8.135988     -0.148234    -6.863291   
7.230000     -43.908789   34.415962    0.106555     7.174130     -0.201280    -4.166987   
7.240000     -34.093263   24.595919    0.174157     6.382618     -0.236012    -2.907582   
7.250000     -28.480453   18.981717    0.234801     5.771266     -0.261060    -2.157759   
7.260000     -24.809755   15.310454    0.289982     5.281719     -0.279953    -1.650562   
7.270000     -22.204561   12.704988    0.340710     4.875716     -0.294515    -1.279596   
7.280000     -20.251335   10.751614    0.387692     4.529457     -0.305823    -0.993602   
7.290000     -18.728382   9.228575     0.431445     4.227590     -0.314574    -0.764615   
7.300000     -17.505631   8.005769     0.472356     3.959771     -0.321248    -0.575979   
7.310000     -16.501460   7.001562     0.510729     3.718756     -0.326191    -0.417102   
7.320000     -15.661915   6.161992     0.546802     3.499297     -0.329664    -0.280894   
7.330000     -14.949822   5.449881     0.580773     3.297481     -0.331867    -0.162416   
7.340000     -14.338688   4.838734     0.612800     3.110320     -0.332959    -0.058110   
7.350000     -13.809093   4.309130     0.643020     2.935483     -0.333068    0.034658    
7.360000     -13.346464   3.846494     0.671545     2.771117     -0.332298    0.117884    
7.370000     -12.939640   3.439665     0.698472     2.615729     -0.330736    0.193112    
7.380000     -12.579926   3.079946     0.723885     2.468092     -0.328458    0.261556    
7.390000     -12.260442   2.760459     0.747856     2.327192     -0.325524    0.324183    
7.400000     -11.975679   2.475693     0.770448     2.192175     -0.321991    0.381778    
7.410000     -11.721170   2.221181     0.791716     2.062317     -0.317903    0.434982    
7.420000     -11.493258   1.993267     0.811709     1.936999     -0.313304    0.484325    
7.430000     -11.288925   1.788933     0.830469     1.815682     -0.308228    0.530249    
7.440000     -11.105662   1.605668     0.848034     1.697899     -0.302709    0.573126    
7.450000     -10.941366   1.441372     0.864438     1.583237     -0.296775    0.613272    
7.460000     -10.794273   1.294277     0.879708     1.471330     -0.290451    0.650954    
7.470000     -10.662889   1.162893     0.893872     1.361850     -0.283763    0.686404    
7.480000     -10.545953   1.045956     0.906952     1.254500     -0.276730    0.719819    
7.490000     -10.442393   0.942395     0.918968     1.149013     -0.269373    0.751372    
7.500000     -10.351302   0.851304     0.929938     1.045140     -0.261708    0.781212    
7.510000     -10.271915   0.771916     0.939876     0.942653     -0.253754    0.809467    
7.520000     -10.203584   0.703585     0.948795     0.841341     -0.245524    0.836251    
7.530000     -10.145773   0.645774     0.956706     0.741002     -0.237033    0.861663    
7.540000     -10.098037   0.598038     0.963617     0.641447     -0.228295    0.885788    
7.550000     -10.060019   0.560019     0.969537     0.542495     -0.219321    0.908701    
7.560000     -10.031439   0.531439     0.974469     0.443970     -0.210125    0.930467    
7.570000     -10.012089   0.512089     0.978417     0.345701     -0.200716    0.951141    
7.580000     -10.001830   0.501831     0.981383     0.247520     -0.191105    0.970770    
7.590000     -10.000590   0.500591     0.983367     0.149260     -0.181304    0.989395    
7.600000     -10.008360   0.508360     0.984368     0.050755     -0.171321    1.007047    
7.610000     -10.025194   0.525195     0.984381     -0.048164    -0.161166    1.023753    
7.620000     -10.051214   0.551214     0.983402     -0.147671    -0.150849    1.039530    
7.630000     -10.086608   0.586608     0.981425     -0.247943    -0.140378    1.054391    
7.640000     -10.131634   0.631635     0.978440     -0.349164    -0.129764    1.068342    
7.650000     -10.186629   0.686630     0.974438     -0.451527    -0.119014    1.081381    
7.660000     -10.252013   0.752014     0.969405     -0.555238    -0.108139    1.093498    
7.670000     -10.328295   0.828297     0.963328     -0.660515    -0.097147    1.104678    
7.680000     -10.416091   0.916093     0.956189     -0.767590    -0.086049    1.114895    
7.690000     -10.516131   1.016134     0.947969     -0.876720    -0.074853    1.124113    
7.700000     -10.629284   1.129287     0.938647     -0.988179    -0.063570    1.132288    
7.710000     -10.756570   1.256574     0.928197     -1.102274    -0.052211    1.139360    
7.720000     -10.899198   1.399202     0.916592     -1.219341    -0.040787    1.145257    
7.730000     -11.058590   1.558596     0.903799     -1.339758    -0.029310    1.149888    
7.740000     -11.236435   1.736442     0.889784     -1.463948    -0.017793    1.153143    
7.750000     -11.434732   1.934741     0.874506     -1.592394    -0.006252    1.154887    
7.760000     -11.655871   2.155881     0.857920     -1.725645    0.005299     1.154951    
7.770000     -11.902718   2.402731     0.839975     -1.864336    0.016841     1.153132    
7.780000     -12.178740   2.678755     0.820613     -2.009204    0.028354     1.149177    
7.790000     -12.488158   2.988177     0.799768     -2.161117    0.039816     1.142771    
7.800000     -12.836169   3.336191     0.777364     -2.321102    0.051200     1.133521    
7.810000     -13.229234   3.729263     0.753315     -2.490392    0.062476     1.120926    
7.820000     -13.675496   4.175531     0.727521     -2.670482    0.073606     1.104349    
7.830000     -14.185355   4.685399     0.699864     -2.863214    0.084547     1.082959    
7.840000     -14.772327   5.272383     0.670207     -3.070887    0.095246     1.055661    
7.850000     -15.454317   5.954388     0.638387     -3.296419    0.105636     1.020979    
7.860000     -16.255581   6.755675     0.604208     -3.543593    0.115634     0.976882    
7.870000     -17.209877   7.710003     0.567428     -3.817420    0.125133     0.920495    
7.880000     -18.365713   8.865888     0.527749     -4.124721    0.133990     0.847617    
7.890000     -19.795575   10.295826    0.484792     -4.475083    0.142010     0.751853    
7.900000     -21.613186   12.113564    0.438060     -4.882522    0.148918     0.622979    
7.910000     -24.008461   14.509066    0.386884     -5.368555    0.154305     0.443563    
7.920000     -27.325939   17.827000    0.330316     -5.968346    0.157520     0.181244    
7.930000     -32.267141   22.769264    0.266942     -6.744248    0.157442     -0.231624   
7.940000     -40.529388   31.034660    0.194460     -7.819201    0.151866     -0.964064   
7.950000     -57.588102   48.107449    0.108717     -9.461848    0.135403     -2.586182   
7.960000     -113.955924  104.560712   0.002495     -11.644141   0.087718     -8.575279   
7.970000     -132.086142  122.648535   -0.041020    6.541916     -0.063633    -14.230264  
7.980000     -61.553769   52.078107    0.038091     7.892438     -0.157931    -6.470366   
7.990000     -42.152661   32.658797    0.112379     6.978805     -0.208927    -4.076012   
8.000000     -33.157424   23.659797    0.178296     6.237372     -0.243245    -2.900824   
8.010000     -27.893444   18.394601    0.237664     5.658845     -0.268409    -2.183273   
8.020000     -24.404382   14.905032    0.291838     5.191611     -0.287638    -1.690337   
8.030000     -21.906420   12.406821    0.341749     4.801618     -0.302635    -1.325935   
8.040000     -20.022142   10.522406    0.388054     4.467379     -0.314423    -1.042755   
8.050000     -18.546350   9.046533     0.431234     4.174866     -0.323670    -0.814594   
8.060000     -17.357405   7.857537     0.471657     3.914539     -0.330843    -0.625665   
8.070000     -16.378375   6.878473     0.509609     3.679666     -0.336279    -0.465839   
8.080000     -15.558092   6.058167     0.545318     3.465337     -0.340233    -0.328292   
8.090000     -14.861124   5.361181     0.578971     3.267874     -0.342903    -0.208237   
8.100000     -14.262113   4.762159     0.610722     3.084456     -0.344444    -0.102213   
8.110000     -13.742411   4.242447     0.640699     2.912874     -0.344985    -0.007644   
8.120000     -13.287977   3.788006     0.669012     2.751366     -0.344629    0.077428    
8.130000     -12.888036   3.388060     0.695755     2.598508     -0.343463    0.154523    
8.140000     -12.534172   3.034192     0.721007     2.453127     -0.341560    0.224837    
8.150000     -12.219717   2.719733     0.744839     2.314250     -0.338985    0.289329    
8.160000     -11.939318   2.439331     0.767311     2.181058     -0.335790    0.348778    
8.170000     -11.688631   2.188642     0.788477     2.052855     -0.332024    0.403821    
8.180000     -11.464096   1.964105     0.808383     1.929041     -0.327727    0.454984    
8.190000     -11.262771   1.762779     0.827070     1.809099     -0.322936    0.502711    
8.200000     -11.082207   1.582213     0.844576     1.692575     -0.317683    0.547373    
8.210000     -10.920352   1.420357     0.860932     1.579068     -0.311997    0.589286    
8.220000     -10.775481   1.275485     0.876166     1.468224     -0.305905    0.628719    
8.230000     -10.646135   1.146139     0.890304     1.359724     -0.299430    0.665905    
8.240000     -10.531080   1.031083     0.903367     1.253278     -0.292594    0.701042    
8.250000     -10.429269   0.929271     0.915375     1.148625     -0.285416    0.734305    
8.260000     -10.339815   0.839816     0.926345     1.045522     -0.277913    0.765844    
8.270000     -10.261969   0.761970     0.936290     0.943747     -0.270104    0.795790    
8.280000     -10.195101   0.695102     0.945223     0.843091     -0.262003    0.824258    
8.290000     -10.138686   0.638687     0.953155     0.743356     -0.253623    0.851349    
8.300000     -10.092293   0.592294     0.960093     0.644357     -0.244980    0.877150    
8.310000     -10.055576   0.555576     0.966044     0.545913     -0.236084    0.901738    
8.320000     -10.028264   0.528264     0.971013     0.447851     -0.226949    0.925179    
8.330000     -10.010159   0.510159     0.975002     0.350003     -0.217584    0.947532    
8.340000     -10.001132   0.501132     0.978013     0.252200     -0.208002    0.968844    
8.350000     -10.001118   0.501118     0.980045     0.154278     -0.198211    0.989159    
8.360000     -10.010118   0.510118     0.981097     0.056069     -0.188222    1.008510    
8.370000     -10.028195   0.528195     0.981165     -0.042595    -0.178044    1.026926    
8.380000     -10.055479   0.555480     0.980243     -0.141887    -0.167686    1.044427    
8.390000     -10.092168   0.592169     0.978325     -0.241985    -0.157158    1.061028    
8.400000     -10.138531   0.638532     0.975400     -0.343076    -0.146469    1.076737    
8.410000     -10.194915   0.694916     0.971459     -0.445353    -0.135626    1.091555    
8.420000     -10.261751   0.761752     0.966489     -0.549023    -0.124640    1.105476    
8.430000     -10.339563   0.839564     0.960474     -0.654306    -0.113520    1.118486    
8.440000     -10.428981   0.928983     0.953397     -0.761441    -0.102274    1.130563    
8.450000     -10.530753   1.030756     0.945238     -0.870683    -0.090912    1.141676    
8.460000     -10.645767   1.145770     0.935975     -0.982314    -0.079444    1.151781    
8.470000     -10.775068   1.275072     0.925583     -1.096644    -0.067880    1.160825    
8.480000     -10.919890   1.419895     0.914032     -1.214018    -0.056231    1.168739    
8.490000     -11.081691   1.581697     0.901291     -1.334819    -0.044509    1.175437    
8.500000     -11.262196   1.762203     0.887323     -1.459481    -0.032726    1.180814    
8.510000     -11.463455   1.963464     0.872087     -1.588497    -0.020897    1.184739    
8.520000     -11.687915   2.187926     0.855537     -1.722429    -0.009037    1.187050    
8.530000     -11.938518   2.438531     0.837620     -1.861931    0.002838     1.187551    
8.540000     -12.218822   2.718837     0.818277     -2.007759    0.014707     1.185993    
8.550000     -12.533167   3.033186     0.797441     -2.160806    0.026550     1.182070    
8.560000     -12.886902   3.386926     0.775034     -2.322133    0.038340     1.175394    
8.570000     -13.286693   3.786722     0.750967     -2.493013    0.050047     1.165474    
8.580000     -13.740947   4.240983     0.725137     -2.674997    0.061636     1.151676    
8.590000     -14.260433   4.760478     0.697424     -2.869995    0.073065     1.133175    
8.600000     -14.859179   5.359236     0.667686     -3.080400    0.084281     1.108876    
8.610000     -15.555817   6.055892     0.635755     -3.309262    0.095219     1.077296    
8.620000     -16.375681   6.875779     0.601427     -3.560543    0.105796     1.036383    
8.630000     -17.354164   7.854296     0.564453     -3.839516    0.115906     0.983212    
8.640000     -18.542376   9.042559     0.524522     -4.153393    0.125406     0.913480    
8.650000     -20.017148   10.517413    0.481237     -4.512369    0.134100     0.820580    
8.660000     -21.899941   12.400342    0.434077     -4.931457    0.141707     0.693840    
8.670000     -24.395605   14.896254    0.382334     -5.433918    0.147806     0.514829    
8.680000     -27.880801   18.381956    0.325000     -6.058220    0.151720     0.248762    
8.690000     -33.137437   23.639804    0.260546     -6.873692    0.152259     -0.178783   
8.700000     -42.115721   32.621836    0.186452     -8.020052    0.147016     -0.960439   
8.710000     -61.460891   51.985104    0.098063     -9.808020    0.129833     -2.788003   
8.720000     -131.647254  122.211896   -0.011970    -11.671358   0.075011     -10.402076  
8.730000     -114.304191  104.908922   -0.032822    7.257430     -0.081095    -12.535851  
8.740000     -57.667684   48.187125    0.045657     7.655070     -0.167289    -6.146068   
8.750000     -40.562919   31.068208    0.117802     6.792918     -0.216564    -3.999086   
8.760000     -32.285783   22.787911    0.182106     6.097478     -0.250544    -2.897685   
8.770000     -27.337914   17.838976    0.240238     5.549454     -0.275844    -2.209413   
8.780000     -24.016856   14.517462    0.293430     5.103241     -0.295409    -1.729698   
8.790000     -21.619425   12.119803    0.342537     4.728496     -0.310835    -1.371471   
8.800000     -19.800408   10.300659    0.388171     4.405802     -0.323093    -1.090975   
8.810000     -18.369573   8.869748     0.430782     4.122337     -0.332828    -0.863617   
8.820000     -17.213034   7.713161     0.470717     3.869300     -0.340491    -0.674419   
8.830000     -16.258211   6.758306     0.508248     3.640430     -0.346410    -0.513692   
8.840000     -15.456542   5.956614     0.543590     3.431138     -0.350837    -0.374858   
8.850000     -14.774233   5.274288     0.576924     3.237966     -0.353964    -0.253282   
8.860000     -14.187003   4.687047     0.608394     3.058251     -0.355948    -0.145594   
8.870000     -13.676933   4.176968     0.638126     2.889898     -0.356914    -0.049275   
8.880000     -13.230497   3.730525     0.666224     2.731234     -0.356965    0.037594    
8.890000     -12.837284   3.337307     0.692778     2.580899     -0.356188    0.116509    
8.900000     -12.489148   2.989166     0.717866     2.437774     -0.354657    0.188652    
8.910000     -12.179621   2.679637     0.741554     2.300927     -0.352434    0.254971    
8.920000     -11.903506   2.403519     0.763902     2.169569     -0.349574    0.316238    
8.930000     -11.656576   2.156586     0.784962     2.043032     -0.346124    0.373085    
8.940000     -11.435364   1.935372     0.804777     1.920738     -0.342125    0.426040    
8.950000     -11.237001   1.737009     0.823389     1.802187     -0.337615    0.475542    
8.960000     -11.059099   1.559105     0.840832     1.686939     -0.332625    0.521962    
8.970000     -10.899653   1.399658     0.857137     1.574608     -0.327184    0.565619    
8.980000     -10.756977   1.256981     0.872332     1.464848     -0.321320    0.606781    
8.990000     -10.629646   1.129649     0.886441     1.357348     -0.315056    0.645682    
9.000000     -10.516453   1.016455     0.899486     1.251828     -0.308414    0.682522    
9.010000     -10.416374   0.916376     0.911484     1.148032     -0.301412    0.717478    
9.020000     -10.328542   0.828544     0.922451     1.045723     -0.294070    0.750700    
9.030000     -10.252226   0.752228     0.932402     0.944683     -0.286403    0.782323    
9.040000     -10.186811   0.686812     0.941349     0.844707     -0.278428    0.812462    
9.050000     -10.131785   0.631786     0.949299     0.745601     -0.270159    0.841220    
9.060000     -10.086729   0.586729     0.956263     0.647181     -0.261608    0.868686    
9.070000     -10.051307   0.551307     0.962245     0.549270     -0.252789    0.894939    
9.080000     -10.025259   0.525259     0.967249     0.451698     -0.243713    0.920048    
9.090000     -10.008397   0.508397     0.971279     0.354295     -0.234392    0.944071    
9.100000     -10.000600   0.500600     0.974335     0.256897     -0.224835    0.967060    
9.110000     -10.001813   0.501813     0.976417     0.159338     -0.215054    0.989059    
9.120000     -10.012044   0.512044     0.977521     0.061451     -0.205057    1.010105    
9.130000     -10.031366   0.531367     0.977644     -0.036931    -0.194855    1.030228    
9.140000     -10.059919   0.559919     0.976780     -0.135982    -0.184455    1.049451    
9.150000     -10.097908   0.597908     0.974922     -0.235881    -0.173868    1.067791    
9.160000     -10.145614   0.645614     0.972059     -0.336814    -0.163102    1.085258    
9.170000     -10.203394   0.703395     0.968181     -0.438977    -0.152166    1.101857    
9.180000     -10.271692   0.771693     0.963275     -0.542579    -0.141068    1.117584    
9.190000     -10.351045   0.851047     0.957324     -0.647843    -0.129817    1.132429    
9.200000     -10.442100   0.942102     0.950312     -0.755008    -0.118423    1.146371    
9.210000     -10.545621   1.045623     0.942217     -0.864335    -0.106893    1.159384    
9.220000     -10.662515   1.162519     0.933017     -0.976111    -0.095238    1.171429    
9.230000     -10.793853   1.293858     0.922686     -1.090649    -0.083468    1.182455    
9.240000     -10.940897   1.440903     0.911194     -1.208301    -0.071593    1.192398    
9.250000     -11.105138   1.605144     0.898508     -1.329459    -0.059624    1.201177    
9.260000     -11.288342   1.788349     0.884591     -1.454566    -0.047573    1.208692    
9.270000     -11.492607   1.992616     0.869402     -1.584125    -0.035454    1.214817    
9.280000     -11.720444   2.220455     0.852892     -1.718714    -0.023282    1.219398    
9.290000     -11.974868   2.474881     0.835009     -1.859001    -0.011072    1.222242    
9.300000     -12.259533   2.759549     0.815691     -2.005766    0.001156     1.223111    
9.310000     -12.578904   3.078924     0.794869     -2.159928    0.013383     1.221704    
9.320000     -12.938487   3.438512     0.772464     -2.322579    0.025582     1.217641    
9.330000     -13.345157   3.845187     0.748385     -2.495037    0.037725     1.210439    
9.340000     -13.807602   4.307639     0.722526     -2.678908    0.049778     1.199471    
9.350000     -14.336974   4.837021     0.694763     -2.876175    0.061699     1.183917    
9.360000     -14.947836   5.447896     0.664950     -3.089330    0.073438     1.162684    
9.370000     -15.659589   6.159666     0.632914     -3.321556    0.084929     1.134282    
9.380000     -16.498700   6.998802     0.598443     -3.577008    0.096093     1.096638    
9.390000     -17.502304   8.002441     0.561279     -3.861235    0.106822     1.046780    
9.400000     -18.724290   9.224482     0.521098     -4.181863    0.116974     0.980297    
9.410000     -20.246172   10.746451    0.477486     -4.549743    0.126351     0.890362    
9.420000     -22.197828   12.698255    0.429895     -4.980966    0.134668     0.765823    
9.430000     -24.800569   15.301267    0.377576     -5.500706    0.141491     0.587168    
9.440000     -28.467084   18.968345    0.319454     -6.151118    0.146113     0.316913    
9.450000     -34.071776   24.574426    0.253876     -7.009472    0.147268     -0.127123   
9.460000     -43.867877   34.375025    0.178074     -8.235113    0.142318     -0.965900   
9.470000     -66.008868   56.539598    0.086812     -10.187103   0.124154     -3.049938   
9.480000     -153.188663  143.525785   -0.026427    -11.077481   0.059691     -12.819555  
9.490000     -100.339515  90.933198    -0.024325    7.531256     -0.096647    -11.186893  
9.500000     -54.319845   44.835584    0.052733     7.426192     -0.176381    -5.875614   
9.510000     -39.116483   29.621073    0.122836     6.615598     -0.224202    -3.933955   
9.520000     -31.471773   21.973689    0.185593     5.962477     -0.257909    -2.897627   
9.530000     -26.811329   17.312307    0.242525     5.442867     -0.283360    -2.236025   
9.540000     -23.645997   14.146562    0.294756     5.016492     -0.303261    -1.768597   
9.550000     -21.342953   11.843309    0.343072     4.656287     -0.319108    -1.416196   
9.560000     -19.585772   10.086011    0.388042     4.344695     -0.331829    -1.138264   
9.570000     -18.197830   8.697997     0.430088     4.069990     -0.342042    -0.911689   
9.580000     -17.072373   7.572495     0.469536     3.824048     -0.350184    -0.722249   
9.590000     -16.140870   6.640961     0.506644     3.601052     -0.356578    -0.560664   
9.600000     -15.357194   5.857263     0.541619     3.396708     -0.361468    -0.420596   
9.610000     -14.689098   5.189152     0.574629     3.207766     -0.365046    -0.297554   
9.620000     -14.113319   4.613361     0.605816     3.031713     -0.367465    -0.188254   
9.630000     -13.612633   4.112667     0.635299     2.866564     -0.368848    -0.090238   
9.640000     -13.174002   3.674029     0.663178     2.710730     -0.369300    -0.001619   
9.650000     -12.787366   3.287388     0.689540     2.562913     -0.368907    0.079072    
9.660000     -12.444838   2.944856     0.714460     2.422045     -0.367741    0.153002    
9.670000     -12.140145   2.640160     0.738001     2.287232     -0.365866    0.221110    
9.680000     -11.868235   2.368247     0.760222     2.157718     -0.363336    0.284159    
9.690000     -11.624997   2.125008     0.781171     2.032860     -0.360198    0.342779    
9.700000     -11.407055   1.907064     0.800892     1.912100     -0.356493    0.397494    
9.710000     -11.211611   1.711618     0.819425     1.794956     -0.352259    0.448742    
9.720000     -11.036333   1.536339     0.836802     1.681003     -0.347528    0.496896    
9.730000     -10.879264   1.379269     0.853054     1.569866     -0.342330    0.542272    
9.740000     -10.738757   1.238761     0.868208     1.461209     -0.336691    0.585141    
9.750000     -10.613419   1.113422     0.882286     1.354732     -0.330635    0.625736    
9.760000     -10.502069   1.002071     0.895308     1.250160     -0.324183    0.664262    
9.770000     -10.403706   0.903708     0.907294     1.147243     -0.317356    0.700892    
9.780000     -10.317483   0.817485     0.918258     1.045751     -0.310171    0.735783    
9.790000     -10.242686   0.742687     0.928213     0.945469     -0.302646    0.769067    
9.800000     -10.178714   0.678715     0.937171     0.846196     -0.294795    0.800863    
9.810000     -10.125069   0.625070     0.945140     0.747743     -0.286633    0.831276    
9.820000     -10.081343   0.581344     0.952128     0.649927     -0.278174    0.860397    
9.830000     -10.047212   0.547212     0.958140     0.552575     -0.269429    0.888305    
9.840000     -10.022425   0.522425     0.963180     0.455516     -0.260411    0.915071    
9.850000     -10.006804   0.506804     0.967251     0.358584     -0.251131    0.940757    
9.860000     -10.000236   0.500236     0.970352     0.261616     -0.241600    0.965417    
9.870000     -10.002675   0.502676     0.972482     0.164445     -0.231826    0.989095    
9.880000     -10.014139   0.514139     0.973639     0.066907     -0.221821    1.011831    
9.890000     -10.034709   0.534709     0.973819     -0.031167    -0.211593    1.033657    
9.900000     -10.064533   0.564533     0.973014     -0.129951    -0.201150    1.054599    
9.910000     -10.103828   0.603828     0.971217     -0.229623    -0.190503    1.074677    
9.920000     -10.152883   0.652884     0.968418     -0.330372    -0.179660    1.093902    
9.930000     -10.212068   0.712069     0.964605     -0.432394    -0.168628    1.112283    
9.940000     -10.281838   0.781840     0.959765     -0.535901    -0.157417    1.129818    
9.950000     -10.362745   0.862747     0.953881     -0.641117    -0.146035    1.146500    
9.960000     -10.455450   0.955452     0.946936     -0.748286    -0.134490    1.162314    
9.970000     -10.560736   1.060739     0.938908     -0.857670    -0.122791    1.177234    
9.980000     -10.679531   1.179535     0.929774     -0.969562    -0.110948    1.191226    
9.990000     -10.812930   1.312934     0.919508     -1.084281    -0.098970    1.204243    
